Date,Low,Open,Volume,High,Close,Adjusted Close
07-10-2011,0.004999999888241291,0.004999999888241291,400000,0.004999999888241291,0.004999999888241291,0.004999999888241291
10-10-2011,0.004999999888241291,0.004999999888241291,0,0.004999999888241291,0.004999999888241291,0.004999999888241291
11-10-2011,0.004999999888241291,0.004999999888241291,0,0.004999999888241291,0.004999999888241291,0.004999999888241291
12-10-2011,0.004999999888241291,0.004999999888241291,0,0.004999999888241291,0.004999999888241291,0.004999999888241291
13-10-2011,0.004999999888241291,0.004999999888241291,0,0.004999999888241291,0.004999999888241291,0.004999999888241291
14-10-2011,0.004999999888241291,0.004999999888241291,0,0.004999999888241291,0.004999999888241291,0.004999999888241291
17-10-2011,0.004999999888241291,0.004999999888241291,0,0.004999999888241291,0.004999999888241291,0.004999999888241291
18-10-2011,0.004999999888241291,0.004999999888241291,0,0.004999999888241291,0.004999999888241291,0.004999999888241291
19-10-2011,0.004999999888241291,0.004999999888241291,0,0.004999999888241291,0.004999999888241291,0.004999999888241291
20-10-2011,0.004999999888241291,0.004999999888241291,0,0.004999999888241291,0.004999999888241291,0.004999999888241291
21-10-2011,0.004999999888241291,0.004999999888241291,0,0.004999999888241291,0.004999999888241291,0.004999999888241291
24-10-2011,0.004999999888241291,0.004999999888241291,0,0.004999999888241291,0.004999999888241291,0.004999999888241291
25-10-2011,0.004999999888241291,0.004999999888241291,0,0.004999999888241291,0.004999999888241291,0.004999999888241291
26-10-2011,0.004999999888241291,0.004999999888241291,0,0.004999999888241291,0.004999999888241291,0.004999999888241291
27-10-2011,0.004999999888241291,0.004999999888241291,0,0.004999999888241291,0.004999999888241291,0.004999999888241291
28-10-2011,0.004999999888241291,0.004999999888241291,0,0.004999999888241291,0.004999999888241291,0.004999999888241291
31-10-2011,0.004999999888241291,0.004999999888241291,0,0.004999999888241291,0.004999999888241291,0.004999999888241291
01-11-2011,0.004999999888241291,0.004999999888241291,0,0.004999999888241291,0.004999999888241291,0.004999999888241291
02-11-2011,0.004999999888241291,0.004999999888241291,0,0.004999999888241291,0.004999999888241291,0.004999999888241291
03-11-2011,0.004999999888241291,0.004999999888241291,0,0.004999999888241291,0.004999999888241291,0.004999999888241291
04-11-2011,0.004999999888241291,0.004999999888241291,0,0.004999999888241291,0.004999999888241291,0.004999999888241291
07-11-2011,0.004999999888241291,0.004999999888241291,0,0.004999999888241291,0.004999999888241291,0.004999999888241291
08-11-2011,0.004999999888241291,0.004999999888241291,0,0.004999999888241291,0.004999999888241291,0.004999999888241291
09-11-2011,0.004999999888241291,0.004999999888241291,0,0.004999999888241291,0.004999999888241291,0.004999999888241291
10-11-2011,0.004999999888241291,0.004999999888241291,0,0.004999999888241291,0.004999999888241291,0.004999999888241291
11-11-2011,0.004999999888241291,0.004999999888241291,0,0.004999999888241291,0.004999999888241291,0.004999999888241291
14-11-2011,0.004999999888241291,0.004999999888241291,0,0.004999999888241291,0.004999999888241291,0.004999999888241291
15-11-2011,0.004999999888241291,0.004999999888241291,0,0.004999999888241291,0.004999999888241291,0.004999999888241291
16-11-2011,0.004999999888241291,0.004999999888241291,0,0.004999999888241291,0.004999999888241291,0.004999999888241291
17-11-2011,0.004999999888241291,0.004999999888241291,0,0.004999999888241291,0.004999999888241291,0.004999999888241291
18-11-2011,0.004999999888241291,0.004999999888241291,0,0.004999999888241291,0.004999999888241291,0.004999999888241291
21-11-2011,0.004999999888241291,0.004999999888241291,0,0.004999999888241291,0.004999999888241291,0.004999999888241291
22-11-2011,0.004999999888241291,0.004999999888241291,0,0.004999999888241291,0.004999999888241291,0.004999999888241291
23-11-2011,0.004999999888241291,0.004999999888241291,0,0.004999999888241291,0.004999999888241291,0.004999999888241291
25-11-2011,0.004999999888241291,0.004999999888241291,0,0.004999999888241291,0.004999999888241291,0.004999999888241291
28-11-2011,0.004999999888241291,0.004999999888241291,0,0.004999999888241291,0.004999999888241291,0.004999999888241291
29-11-2011,0.004999999888241291,0.004999999888241291,0,0.004999999888241291,0.004999999888241291,0.004999999888241291
30-11-2011,0.004999999888241291,0.004999999888241291,0,0.004999999888241291,0.004999999888241291,0.004999999888241291
01-12-2011,0.004999999888241291,0.004999999888241291,0,0.004999999888241291,0.004999999888241291,0.004999999888241291
02-12-2011,0.004999999888241291,0.004999999888241291,0,0.004999999888241291,0.004999999888241291,0.004999999888241291
05-12-2011,0.004999999888241291,0.004999999888241291,0,0.004999999888241291,0.004999999888241291,0.004999999888241291
06-12-2011,0.004999999888241291,0.004999999888241291,0,0.004999999888241291,0.004999999888241291,0.004999999888241291
07-12-2011,0.004999999888241291,0.004999999888241291,0,0.004999999888241291,0.004999999888241291,0.004999999888241291
08-12-2011,0.004999999888241291,0.004999999888241291,0,0.004999999888241291,0.004999999888241291,0.004999999888241291
09-12-2011,0.004999999888241291,0.004999999888241291,0,0.004999999888241291,0.004999999888241291,0.004999999888241291
12-12-2011,0.004999999888241291,0.004999999888241291,0,0.004999999888241291,0.004999999888241291,0.004999999888241291
13-12-2011,0.004999999888241291,0.004999999888241291,0,0.004999999888241291,0.004999999888241291,0.004999999888241291
14-12-2011,0.004999999888241291,0.004999999888241291,0,0.004999999888241291,0.004999999888241291,0.004999999888241291
15-12-2011,0.004999999888241291,0.004999999888241291,0,0.004999999888241291,0.004999999888241291,0.004999999888241291
16-12-2011,0.004999999888241291,0.004999999888241291,0,0.004999999888241291,0.004999999888241291,0.004999999888241291
19-12-2011,0.004999999888241291,0.004999999888241291,0,0.004999999888241291,0.004999999888241291,0.004999999888241291
20-12-2011,0.004999999888241291,0.004999999888241291,0,0.004999999888241291,0.004999999888241291,0.004999999888241291
21-12-2011,0.004999999888241291,0.004999999888241291,0,0.004999999888241291,0.004999999888241291,0.004999999888241291
22-12-2011,0.004999999888241291,0.004999999888241291,0,0.004999999888241291,0.004999999888241291,0.004999999888241291
23-12-2011,0.004999999888241291,0.004999999888241291,0,0.004999999888241291,0.004999999888241291,0.004999999888241291
27-12-2011,0.004999999888241291,0.004999999888241291,0,0.004999999888241291,0.004999999888241291,0.004999999888241291
28-12-2011,0.004999999888241291,0.004999999888241291,0,0.004999999888241291,0.004999999888241291,0.004999999888241291
29-12-2011,0.004999999888241291,0.004999999888241291,0,0.004999999888241291,0.004999999888241291,0.004999999888241291
30-12-2011,0.004999999888241291,0.004999999888241291,0,0.004999999888241291,0.004999999888241291,0.004999999888241291
03-01-2012,0.004999999888241291,0.004999999888241291,0,0.004999999888241291,0.004999999888241291,0.004999999888241291
04-01-2012,0.004999999888241291,0.004999999888241291,0,0.004999999888241291,0.004999999888241291,0.004999999888241291
05-01-2012,0.004999999888241291,0.004999999888241291,0,0.004999999888241291,0.004999999888241291,0.004999999888241291
06-01-2012,0.004999999888241291,0.004999999888241291,0,0.004999999888241291,0.004999999888241291,0.004999999888241291
09-01-2012,0.004999999888241291,0.004999999888241291,0,0.004999999888241291,0.004999999888241291,0.004999999888241291
10-01-2012,0.004999999888241291,0.004999999888241291,0,0.004999999888241291,0.004999999888241291,0.004999999888241291
11-01-2012,0.004999999888241291,0.004999999888241291,0,0.004999999888241291,0.004999999888241291,0.004999999888241291
12-01-2012,0.004999999888241291,0.004999999888241291,0,0.004999999888241291,0.004999999888241291,0.004999999888241291
13-01-2012,0.004999999888241291,0.004999999888241291,0,0.004999999888241291,0.004999999888241291,0.004999999888241291
17-01-2012,0.004999999888241291,0.004999999888241291,0,0.004999999888241291,0.004999999888241291,0.004999999888241291
18-01-2012,0.004999999888241291,0.004999999888241291,0,0.004999999888241291,0.004999999888241291,0.004999999888241291
19-01-2012,0.004999999888241291,0.004999999888241291,0,0.004999999888241291,0.004999999888241291,0.004999999888241291
20-01-2012,0.004999999888241291,0.004999999888241291,0,0.004999999888241291,0.004999999888241291,0.004999999888241291
23-01-2012,0.004999999888241291,0.004999999888241291,0,0.004999999888241291,0.004999999888241291,0.004999999888241291
24-01-2012,0.004999999888241291,0.004999999888241291,0,0.004999999888241291,0.004999999888241291,0.004999999888241291
25-01-2012,0.004999999888241291,0.004999999888241291,0,0.004999999888241291,0.004999999888241291,0.004999999888241291
26-01-2012,0.004999999888241291,0.004999999888241291,0,0.004999999888241291,0.004999999888241291,0.004999999888241291
27-01-2012,0.004999999888241291,0.004999999888241291,0,0.004999999888241291,0.004999999888241291,0.004999999888241291
30-01-2012,0.004999999888241291,0.004999999888241291,0,0.004999999888241291,0.004999999888241291,0.004999999888241291
31-01-2012,0.004999999888241291,0.004999999888241291,0,0.004999999888241291,0.004999999888241291,0.004999999888241291
01-02-2012,0.004999999888241291,0.004999999888241291,0,0.004999999888241291,0.004999999888241291,0.004999999888241291
02-02-2012,0.004999999888241291,0.004999999888241291,0,0.004999999888241291,0.004999999888241291,0.004999999888241291
03-02-2012,0.004999999888241291,0.004999999888241291,0,0.004999999888241291,0.004999999888241291,0.004999999888241291
06-02-2012,0.004999999888241291,0.004999999888241291,0,0.004999999888241291,0.004999999888241291,0.004999999888241291
07-02-2012,0.004999999888241291,0.004999999888241291,0,0.004999999888241291,0.004999999888241291,0.004999999888241291
08-02-2012,0.004999999888241291,0.004999999888241291,0,0.004999999888241291,0.004999999888241291,0.004999999888241291
09-02-2012,0.004999999888241291,0.004999999888241291,0,0.004999999888241291,0.004999999888241291,0.004999999888241291
10-02-2012,0.004999999888241291,0.004999999888241291,0,0.004999999888241291,0.004999999888241291,0.004999999888241291
13-02-2012,0.004999999888241291,0.004999999888241291,0,0.004999999888241291,0.004999999888241291,0.004999999888241291
14-02-2012,0.004999999888241291,0.004999999888241291,0,0.004999999888241291,0.004999999888241291,0.004999999888241291
15-02-2012,0.004999999888241291,0.004999999888241291,0,0.004999999888241291,0.004999999888241291,0.004999999888241291
16-02-2012,0.004999999888241291,0.004999999888241291,0,0.004999999888241291,0.004999999888241291,0.004999999888241291
17-02-2012,0.004999999888241291,0.004999999888241291,0,0.004999999888241291,0.004999999888241291,0.004999999888241291
21-02-2012,0.004999999888241291,0.004999999888241291,0,0.004999999888241291,0.004999999888241291,0.004999999888241291
22-02-2012,0.004999999888241291,0.004999999888241291,0,0.004999999888241291,0.004999999888241291,0.004999999888241291
23-02-2012,0.004999999888241291,0.004999999888241291,0,0.004999999888241291,0.004999999888241291,0.004999999888241291
24-02-2012,0.004999999888241291,0.004999999888241291,0,0.004999999888241291,0.004999999888241291,0.004999999888241291
27-02-2012,0.004999999888241291,0.004999999888241291,0,0.004999999888241291,0.004999999888241291,0.004999999888241291
28-02-2012,0.004999999888241291,0.004999999888241291,0,0.004999999888241291,0.004999999888241291,0.004999999888241291
29-02-2012,0.004999999888241291,0.004999999888241291,0,0.004999999888241291,0.004999999888241291,0.004999999888241291
01-03-2012,0.004999999888241291,0.004999999888241291,0,0.004999999888241291,0.004999999888241291,0.004999999888241291
02-03-2012,0.004999999888241291,0.004999999888241291,0,0.004999999888241291,0.004999999888241291,0.004999999888241291
05-03-2012,0.004999999888241291,0.004999999888241291,0,0.004999999888241291,0.004999999888241291,0.004999999888241291
06-03-2012,0.004999999888241291,0.004999999888241291,0,0.004999999888241291,0.004999999888241291,0.004999999888241291
07-03-2012,0.004999999888241291,0.004999999888241291,0,0.004999999888241291,0.004999999888241291,0.004999999888241291
08-03-2012,0.004999999888241291,0.004999999888241291,0,0.004999999888241291,0.004999999888241291,0.004999999888241291
09-03-2012,0.004999999888241291,0.004999999888241291,0,0.004999999888241291,0.004999999888241291,0.004999999888241291
12-03-2012,0.004999999888241291,0.004999999888241291,0,0.004999999888241291,0.004999999888241291,0.004999999888241291
13-03-2012,0.004999999888241291,0.004999999888241291,0,0.004999999888241291,0.004999999888241291,0.004999999888241291
14-03-2012,0.004999999888241291,0.004999999888241291,0,0.004999999888241291,0.004999999888241291,0.004999999888241291
15-03-2012,0.004999999888241291,0.004999999888241291,0,0.004999999888241291,0.004999999888241291,0.004999999888241291
16-03-2012,0.004999999888241291,0.004999999888241291,0,0.004999999888241291,0.004999999888241291,0.004999999888241291
19-03-2012,0.004999999888241291,0.004999999888241291,0,0.004999999888241291,0.004999999888241291,0.004999999888241291
20-03-2012,0.004999999888241291,0.004999999888241291,0,0.004999999888241291,0.004999999888241291,0.004999999888241291
21-03-2012,0.004999999888241291,0.004999999888241291,0,0.004999999888241291,0.004999999888241291,0.004999999888241291
22-03-2012,0.004999999888241291,0.004999999888241291,0,0.004999999888241291,0.004999999888241291,0.004999999888241291
23-03-2012,0.004999999888241291,0.004999999888241291,0,0.004999999888241291,0.004999999888241291,0.004999999888241291
26-03-2012,0.004999999888241291,0.004999999888241291,0,0.004999999888241291,0.004999999888241291,0.004999999888241291
27-03-2012,0.004999999888241291,0.004999999888241291,0,0.004999999888241291,0.004999999888241291,0.004999999888241291
28-03-2012,0.004999999888241291,0.004999999888241291,0,0.004999999888241291,0.004999999888241291,0.004999999888241291
29-03-2012,0.004999999888241291,0.004999999888241291,0,0.004999999888241291,0.004999999888241291,0.004999999888241291
30-03-2012,0.004999999888241291,0.004999999888241291,0,0.004999999888241291,0.004999999888241291,0.004999999888241291
02-04-2012,0.004999999888241291,0.004999999888241291,0,0.004999999888241291,0.004999999888241291,0.004999999888241291
03-04-2012,0.004999999888241291,0.004999999888241291,0,0.004999999888241291,0.004999999888241291,0.004999999888241291
04-04-2012,0.004999999888241291,0.004999999888241291,0,0.004999999888241291,0.004999999888241291,0.004999999888241291
05-04-2012,0.004999999888241291,0.004999999888241291,0,0.004999999888241291,0.004999999888241291,0.004999999888241291
09-04-2012,0.004999999888241291,0.004999999888241291,0,0.004999999888241291,0.004999999888241291,0.004999999888241291
10-04-2012,0.004999999888241291,0.004999999888241291,0,0.004999999888241291,0.004999999888241291,0.004999999888241291
11-04-2012,0.004999999888241291,0.004999999888241291,0,0.004999999888241291,0.004999999888241291,0.004999999888241291
12-04-2012,0.004999999888241291,0.004999999888241291,0,0.004999999888241291,0.004999999888241291,0.004999999888241291
13-04-2012,0.004999999888241291,0.004999999888241291,0,0.004999999888241291,0.004999999888241291,0.004999999888241291
16-04-2012,0.004999999888241291,0.004999999888241291,0,0.004999999888241291,0.004999999888241291,0.004999999888241291
17-04-2012,0.004999999888241291,0.004999999888241291,0,0.004999999888241291,0.004999999888241291,0.004999999888241291
18-04-2012,0.004999999888241291,0.004999999888241291,0,0.004999999888241291,0.004999999888241291,0.004999999888241291
19-04-2012,0.004999999888241291,0.004999999888241291,0,0.004999999888241291,0.004999999888241291,0.004999999888241291
20-04-2012,0.004999999888241291,0.004999999888241291,0,0.004999999888241291,0.004999999888241291,0.004999999888241291
23-04-2012,0.004999999888241291,0.004999999888241291,0,0.004999999888241291,0.004999999888241291,0.004999999888241291
24-04-2012,0.004999999888241291,0.004999999888241291,0,0.004999999888241291,0.004999999888241291,0.004999999888241291
25-04-2012,0.004999999888241291,0.004999999888241291,0,0.004999999888241291,0.004999999888241291,0.004999999888241291
26-04-2012,0.004999999888241291,0.004999999888241291,0,0.004999999888241291,0.004999999888241291,0.004999999888241291
27-04-2012,0.004999999888241291,0.004999999888241291,0,0.004999999888241291,0.004999999888241291,0.004999999888241291
30-04-2012,0.004999999888241291,0.004999999888241291,0,0.004999999888241291,0.004999999888241291,0.004999999888241291
01-05-2012,0.004999999888241291,0.004999999888241291,0,0.004999999888241291,0.004999999888241291,0.004999999888241291
02-05-2012,0.004999999888241291,0.004999999888241291,0,0.004999999888241291,0.004999999888241291,0.004999999888241291
03-05-2012,0.004999999888241291,0.004999999888241291,0,0.004999999888241291,0.004999999888241291,0.004999999888241291
04-05-2012,0.004999999888241291,0.004999999888241291,0,0.004999999888241291,0.004999999888241291,0.004999999888241291
07-05-2012,0.004999999888241291,0.004999999888241291,0,0.004999999888241291,0.004999999888241291,0.004999999888241291
08-05-2012,0.004999999888241291,0.004999999888241291,0,0.004999999888241291,0.004999999888241291,0.004999999888241291
09-05-2012,0.004999999888241291,0.004999999888241291,0,0.004999999888241291,0.004999999888241291,0.004999999888241291
10-05-2012,0.004999999888241291,0.004999999888241291,0,0.004999999888241291,0.004999999888241291,0.004999999888241291
11-05-2012,0.004999999888241291,0.004999999888241291,0,0.004999999888241291,0.004999999888241291,0.004999999888241291
14-05-2012,0.004999999888241291,0.004999999888241291,0,0.004999999888241291,0.004999999888241291,0.004999999888241291
15-05-2012,0.004999999888241291,0.004999999888241291,0,0.004999999888241291,0.004999999888241291,0.004999999888241291
16-05-2012,0.004999999888241291,0.004999999888241291,0,0.004999999888241291,0.004999999888241291,0.004999999888241291
17-05-2012,0.004999999888241291,0.004999999888241291,0,0.004999999888241291,0.004999999888241291,0.004999999888241291
18-05-2012,0.004999999888241291,0.004999999888241291,0,0.004999999888241291,0.004999999888241291,0.004999999888241291
21-05-2012,0.004999999888241291,0.004999999888241291,0,0.004999999888241291,0.004999999888241291,0.004999999888241291
22-05-2012,0.004999999888241291,0.004999999888241291,0,0.004999999888241291,0.004999999888241291,0.004999999888241291
23-05-2012,0.004999999888241291,0.004999999888241291,0,0.004999999888241291,0.004999999888241291,0.004999999888241291
24-05-2012,0.004999999888241291,0.004999999888241291,0,0.004999999888241291,0.004999999888241291,0.004999999888241291
25-05-2012,0.004999999888241291,0.004999999888241291,0,0.004999999888241291,0.004999999888241291,0.004999999888241291
29-05-2012,0.004999999888241291,0.004999999888241291,0,0.004999999888241291,0.004999999888241291,0.004999999888241291
30-05-2012,0.004999999888241291,0.004999999888241291,0,0.004999999888241291,0.004999999888241291,0.004999999888241291
31-05-2012,0.004999999888241291,0.004999999888241291,0,0.004999999888241291,0.004999999888241291,0.004999999888241291
01-06-2012,0.004999999888241291,0.004999999888241291,0,0.004999999888241291,0.004999999888241291,0.004999999888241291
04-06-2012,0.004999999888241291,0.004999999888241291,0,0.004999999888241291,0.004999999888241291,0.004999999888241291
05-06-2012,0.004999999888241291,0.004999999888241291,0,0.004999999888241291,0.004999999888241291,0.004999999888241291
06-06-2012,0.004999999888241291,0.004999999888241291,0,0.004999999888241291,0.004999999888241291,0.004999999888241291
07-06-2012,0.004999999888241291,0.004999999888241291,0,0.004999999888241291,0.004999999888241291,0.004999999888241291
08-06-2012,0.004999999888241291,0.004999999888241291,0,0.004999999888241291,0.004999999888241291,0.004999999888241291
11-06-2012,0.004999999888241291,0.004999999888241291,0,0.004999999888241291,0.004999999888241291,0.004999999888241291
12-06-2012,0.004999999888241291,0.004999999888241291,0,0.004999999888241291,0.004999999888241291,0.004999999888241291
13-06-2012,0.004999999888241291,0.004999999888241291,0,0.004999999888241291,0.004999999888241291,0.004999999888241291
14-06-2012,0.004999999888241291,0.004999999888241291,0,0.004999999888241291,0.004999999888241291,0.004999999888241291
15-06-2012,0.004999999888241291,0.004999999888241291,0,0.004999999888241291,0.004999999888241291,0.004999999888241291
18-06-2012,0.004999999888241291,0.004999999888241291,0,0.004999999888241291,0.004999999888241291,0.004999999888241291
19-06-2012,0.004999999888241291,0.004999999888241291,0,0.004999999888241291,0.004999999888241291,0.004999999888241291
20-06-2012,0.004999999888241291,0.004999999888241291,0,0.004999999888241291,0.004999999888241291,0.004999999888241291
21-06-2012,0.004999999888241291,0.004999999888241291,0,0.004999999888241291,0.004999999888241291,0.004999999888241291
22-06-2012,0.004999999888241291,0.004999999888241291,0,0.004999999888241291,0.004999999888241291,0.004999999888241291
25-06-2012,0.004999999888241291,0.004999999888241291,0,0.004999999888241291,0.004999999888241291,0.004999999888241291
26-06-2012,0.004999999888241291,0.004999999888241291,0,0.004999999888241291,0.004999999888241291,0.004999999888241291
27-06-2012,0.004999999888241291,0.004999999888241291,0,0.004999999888241291,0.004999999888241291,0.004999999888241291
28-06-2012,0.004999999888241291,0.004999999888241291,0,0.004999999888241291,0.004999999888241291,0.004999999888241291
29-06-2012,0.004999999888241291,0.004999999888241291,0,0.004999999888241291,0.004999999888241291,0.004999999888241291
02-07-2012,0.004999999888241291,0.004999999888241291,0,0.004999999888241291,0.004999999888241291,0.004999999888241291
03-07-2012,0.004999999888241291,0.004999999888241291,0,0.004999999888241291,0.004999999888241291,0.004999999888241291
05-07-2012,0.004999999888241291,0.004999999888241291,0,0.004999999888241291,0.004999999888241291,0.004999999888241291
06-07-2012,0.004999999888241291,0.004999999888241291,0,0.004999999888241291,0.004999999888241291,0.004999999888241291
09-07-2012,0.004999999888241291,0.004999999888241291,0,0.004999999888241291,0.004999999888241291,0.004999999888241291
10-07-2012,0.004999999888241291,0.004999999888241291,0,0.004999999888241291,0.004999999888241291,0.004999999888241291
11-07-2012,0.004999999888241291,0.004999999888241291,0,0.004999999888241291,0.004999999888241291,0.004999999888241291
12-07-2012,0.004999999888241291,0.004999999888241291,0,0.004999999888241291,0.004999999888241291,0.004999999888241291
13-07-2012,0.004999999888241291,0.004999999888241291,0,0.004999999888241291,0.004999999888241291,0.004999999888241291
16-07-2012,0.004999999888241291,0.004999999888241291,0,0.004999999888241291,0.004999999888241291,0.004999999888241291
17-07-2012,0.004999999888241291,0.004999999888241291,0,0.004999999888241291,0.004999999888241291,0.004999999888241291
18-07-2012,0.004999999888241291,0.004999999888241291,0,0.004999999888241291,0.004999999888241291,0.004999999888241291
19-07-2012,0.004999999888241291,0.004999999888241291,0,0.004999999888241291,0.004999999888241291,0.004999999888241291
20-07-2012,0.004999999888241291,0.004999999888241291,0,0.004999999888241291,0.004999999888241291,0.004999999888241291
23-07-2012,0.004999999888241291,0.004999999888241291,0,0.004999999888241291,0.004999999888241291,0.004999999888241291
24-07-2012,0.004999999888241291,0.004999999888241291,0,0.004999999888241291,0.004999999888241291,0.004999999888241291
25-07-2012,0.004999999888241291,0.004999999888241291,0,0.004999999888241291,0.004999999888241291,0.004999999888241291
26-07-2012,0.004999999888241291,0.004999999888241291,0,0.004999999888241291,0.004999999888241291,0.004999999888241291
27-07-2012,0.004999999888241291,0.004999999888241291,0,0.004999999888241291,0.004999999888241291,0.004999999888241291
30-07-2012,0.004999999888241291,0.004999999888241291,0,0.004999999888241291,0.004999999888241291,0.004999999888241291
31-07-2012,0.004999999888241291,0.004999999888241291,0,0.004999999888241291,0.004999999888241291,0.004999999888241291
01-08-2012,0.004999999888241291,0.004999999888241291,0,0.004999999888241291,0.004999999888241291,0.004999999888241291
02-08-2012,0.004999999888241291,0.004999999888241291,0,0.004999999888241291,0.004999999888241291,0.004999999888241291
03-08-2012,0.004999999888241291,0.004999999888241291,0,0.004999999888241291,0.004999999888241291,0.004999999888241291
06-08-2012,0.004999999888241291,0.004999999888241291,0,0.004999999888241291,0.004999999888241291,0.004999999888241291
07-08-2012,0.004999999888241291,0.004999999888241291,0,0.004999999888241291,0.004999999888241291,0.004999999888241291
08-08-2012,0.004999999888241291,0.004999999888241291,0,0.004999999888241291,0.004999999888241291,0.004999999888241291
09-08-2012,0.004999999888241291,0.004999999888241291,0,0.004999999888241291,0.004999999888241291,0.004999999888241291
10-08-2012,0.004999999888241291,0.004999999888241291,0,0.004999999888241291,0.004999999888241291,0.004999999888241291
13-08-2012,0.004999999888241291,0.004999999888241291,0,0.004999999888241291,0.004999999888241291,0.004999999888241291
14-08-2012,0.004999999888241291,0.004999999888241291,0,0.004999999888241291,0.004999999888241291,0.004999999888241291
15-08-2012,0.004999999888241291,0.004999999888241291,0,0.004999999888241291,0.004999999888241291,0.004999999888241291
16-08-2012,0.004999999888241291,0.004999999888241291,0,0.004999999888241291,0.004999999888241291,0.004999999888241291
17-08-2012,0.004999999888241291,0.004999999888241291,0,0.004999999888241291,0.004999999888241291,0.004999999888241291
20-08-2012,0.004999999888241291,0.004999999888241291,0,0.004999999888241291,0.004999999888241291,0.004999999888241291
21-08-2012,0.004999999888241291,0.004999999888241291,0,0.004999999888241291,0.004999999888241291,0.004999999888241291
22-08-2012,0.004999999888241291,0.004999999888241291,0,0.004999999888241291,0.004999999888241291,0.004999999888241291
23-08-2012,0.004999999888241291,0.004999999888241291,0,0.004999999888241291,0.004999999888241291,0.004999999888241291
24-08-2012,0.004999999888241291,0.004999999888241291,0,0.004999999888241291,0.004999999888241291,0.004999999888241291
27-08-2012,0.004999999888241291,0.004999999888241291,0,0.004999999888241291,0.004999999888241291,0.004999999888241291
28-08-2012,0.004999999888241291,0.004999999888241291,0,0.004999999888241291,0.004999999888241291,0.004999999888241291
29-08-2012,0.004999999888241291,0.004999999888241291,0,0.004999999888241291,0.004999999888241291,0.004999999888241291
30-08-2012,0.004999999888241291,0.004999999888241291,0,0.004999999888241291,0.004999999888241291,0.004999999888241291
31-08-2012,0.004999999888241291,0.004999999888241291,0,0.004999999888241291,0.004999999888241291,0.004999999888241291
04-09-2012,0.004999999888241291,0.004999999888241291,0,0.004999999888241291,0.004999999888241291,0.004999999888241291
05-09-2012,0.004999999888241291,0.004999999888241291,0,0.004999999888241291,0.004999999888241291,0.004999999888241291
06-09-2012,0.004999999888241291,0.004999999888241291,0,0.004999999888241291,0.004999999888241291,0.004999999888241291
07-09-2012,0.004999999888241291,0.004999999888241291,0,0.004999999888241291,0.004999999888241291,0.004999999888241291
10-09-2012,0.004999999888241291,0.004999999888241291,0,0.004999999888241291,0.004999999888241291,0.004999999888241291
11-09-2012,0.004999999888241291,0.004999999888241291,0,0.004999999888241291,0.004999999888241291,0.004999999888241291
12-09-2012,0.004999999888241291,0.004999999888241291,0,0.004999999888241291,0.004999999888241291,0.004999999888241291
13-09-2012,0.004999999888241291,0.004999999888241291,0,0.004999999888241291,0.004999999888241291,0.004999999888241291
14-09-2012,0.004999999888241291,0.004999999888241291,0,0.004999999888241291,0.004999999888241291,0.004999999888241291
17-09-2012,0.004999999888241291,0.004999999888241291,0,0.004999999888241291,0.004999999888241291,0.004999999888241291
18-09-2012,0.004999999888241291,0.004999999888241291,0,0.004999999888241291,0.004999999888241291,0.004999999888241291
19-09-2012,0.004999999888241291,0.004999999888241291,0,0.004999999888241291,0.004999999888241291,0.004999999888241291
20-09-2012,0.004999999888241291,0.004999999888241291,0,0.004999999888241291,0.004999999888241291,0.004999999888241291
21-09-2012,0.004999999888241291,0.004999999888241291,0,0.004999999888241291,0.004999999888241291,0.004999999888241291
24-09-2012,0.004999999888241291,0.004999999888241291,0,0.004999999888241291,0.004999999888241291,0.004999999888241291
25-09-2012,0.004999999888241291,0.004999999888241291,0,0.004999999888241291,0.004999999888241291,0.004999999888241291
26-09-2012,0.004999999888241291,0.004999999888241291,0,0.004999999888241291,0.004999999888241291,0.004999999888241291
27-09-2012,0.004999999888241291,0.004999999888241291,0,0.004999999888241291,0.004999999888241291,0.004999999888241291
28-09-2012,0.004999999888241291,0.004999999888241291,0,0.004999999888241291,0.004999999888241291,0.004999999888241291
01-10-2012,0.004999999888241291,0.004999999888241291,0,0.004999999888241291,0.004999999888241291,0.004999999888241291
02-10-2012,0.004999999888241291,0.004999999888241291,0,0.004999999888241291,0.004999999888241291,0.004999999888241291
03-10-2012,0.004999999888241291,0.004999999888241291,0,0.004999999888241291,0.004999999888241291,0.004999999888241291
04-10-2012,0.004999999888241291,0.004999999888241291,0,0.004999999888241291,0.004999999888241291,0.004999999888241291
05-10-2012,0.004999999888241291,0.004999999888241291,0,0.004999999888241291,0.004999999888241291,0.004999999888241291
08-10-2012,0.004999999888241291,0.004999999888241291,0,0.004999999888241291,0.004999999888241291,0.004999999888241291
09-10-2012,0.004999999888241291,0.004999999888241291,0,0.004999999888241291,0.004999999888241291,0.004999999888241291
10-10-2012,0.004999999888241291,0.004999999888241291,0,0.004999999888241291,0.004999999888241291,0.004999999888241291
11-10-2012,0.004999999888241291,0.004999999888241291,0,0.004999999888241291,0.004999999888241291,0.004999999888241291
12-10-2012,0.004999999888241291,0.004999999888241291,0,0.004999999888241291,0.004999999888241291,0.004999999888241291
15-10-2012,0.004999999888241291,0.004999999888241291,0,0.004999999888241291,0.004999999888241291,0.004999999888241291
16-10-2012,0.004999999888241291,0.004999999888241291,0,0.004999999888241291,0.004999999888241291,0.004999999888241291
17-10-2012,0.004999999888241291,0.004999999888241291,0,0.004999999888241291,0.004999999888241291,0.004999999888241291
18-10-2012,0.004999999888241291,0.004999999888241291,0,0.004999999888241291,0.004999999888241291,0.004999999888241291
19-10-2012,0.004999999888241291,0.004999999888241291,0,0.004999999888241291,0.004999999888241291,0.004999999888241291
22-10-2012,0.004999999888241291,0.004999999888241291,0,0.004999999888241291,0.004999999888241291,0.004999999888241291
23-10-2012,0.004999999888241291,0.004999999888241291,0,0.004999999888241291,0.004999999888241291,0.004999999888241291
24-10-2012,0.004999999888241291,0.004999999888241291,0,0.004999999888241291,0.004999999888241291,0.004999999888241291
25-10-2012,0.004999999888241291,0.004999999888241291,0,0.004999999888241291,0.004999999888241291,0.004999999888241291
26-10-2012,0.004999999888241291,0.004999999888241291,0,0.004999999888241291,0.004999999888241291,0.004999999888241291
31-10-2012,0.004999999888241291,0.004999999888241291,0,0.004999999888241291,0.004999999888241291,0.004999999888241291
01-11-2012,0.004999999888241291,0.004999999888241291,0,0.004999999888241291,0.004999999888241291,0.004999999888241291
02-11-2012,0.004999999888241291,0.004999999888241291,0,0.004999999888241291,0.004999999888241291,0.004999999888241291
05-11-2012,0.004999999888241291,0.004999999888241291,0,0.004999999888241291,0.004999999888241291,0.004999999888241291
06-11-2012,0.004999999888241291,0.004999999888241291,0,0.004999999888241291,0.004999999888241291,0.004999999888241291
07-11-2012,0.004999999888241291,0.004999999888241291,0,0.004999999888241291,0.004999999888241291,0.004999999888241291
08-11-2012,0.004999999888241291,0.004999999888241291,0,0.004999999888241291,0.004999999888241291,0.004999999888241291
09-11-2012,0.004999999888241291,0.004999999888241291,0,0.004999999888241291,0.004999999888241291,0.004999999888241291
12-11-2012,0.004999999888241291,0.004999999888241291,0,0.004999999888241291,0.004999999888241291,0.004999999888241291
13-11-2012,0.004999999888241291,0.004999999888241291,0,0.004999999888241291,0.004999999888241291,0.004999999888241291
14-11-2012,0.004999999888241291,0.004999999888241291,0,0.004999999888241291,0.004999999888241291,0.004999999888241291
15-11-2012,0.004999999888241291,0.004999999888241291,0,0.004999999888241291,0.004999999888241291,0.004999999888241291
16-11-2012,0.004999999888241291,0.004999999888241291,0,0.004999999888241291,0.004999999888241291,0.004999999888241291
19-11-2012,0.004999999888241291,0.004999999888241291,0,0.004999999888241291,0.004999999888241291,0.004999999888241291
20-11-2012,0.004999999888241291,0.004999999888241291,0,0.004999999888241291,0.004999999888241291,0.004999999888241291
21-11-2012,0.004999999888241291,0.004999999888241291,0,0.004999999888241291,0.004999999888241291,0.004999999888241291
23-11-2012,0.004999999888241291,0.004999999888241291,0,0.004999999888241291,0.004999999888241291,0.004999999888241291
26-11-2012,0.004999999888241291,0.004999999888241291,0,0.004999999888241291,0.004999999888241291,0.004999999888241291
27-11-2012,0.004999999888241291,0.004999999888241291,0,0.004999999888241291,0.004999999888241291,0.004999999888241291
28-11-2012,0.004999999888241291,0.004999999888241291,0,0.004999999888241291,0.004999999888241291,0.004999999888241291
29-11-2012,0.004999999888241291,0.004999999888241291,0,0.004999999888241291,0.004999999888241291,0.004999999888241291
30-11-2012,0.004999999888241291,0.004999999888241291,0,0.004999999888241291,0.004999999888241291,0.004999999888241291
03-12-2012,0.004999999888241291,0.004999999888241291,0,0.004999999888241291,0.004999999888241291,0.004999999888241291
04-12-2012,0.004999999888241291,0.004999999888241291,0,0.004999999888241291,0.004999999888241291,0.004999999888241291
05-12-2012,0.004999999888241291,0.004999999888241291,0,0.004999999888241291,0.004999999888241291,0.004999999888241291
06-12-2012,0.004999999888241291,0.004999999888241291,0,0.004999999888241291,0.004999999888241291,0.004999999888241291
07-12-2012,0.004999999888241291,0.004999999888241291,0,0.004999999888241291,0.004999999888241291,0.004999999888241291
10-12-2012,0.004999999888241291,0.004999999888241291,0,0.004999999888241291,0.004999999888241291,0.004999999888241291
11-12-2012,0.004999999888241291,0.004999999888241291,0,0.004999999888241291,0.004999999888241291,0.004999999888241291
12-12-2012,0.004999999888241291,0.004999999888241291,0,0.004999999888241291,0.004999999888241291,0.004999999888241291
13-12-2012,0.004999999888241291,0.004999999888241291,0,0.004999999888241291,0.004999999888241291,0.004999999888241291
14-12-2012,0.004999999888241291,0.004999999888241291,0,0.004999999888241291,0.004999999888241291,0.004999999888241291
17-12-2012,0.004999999888241291,0.004999999888241291,0,0.004999999888241291,0.004999999888241291,0.004999999888241291
18-12-2012,0.004999999888241291,0.004999999888241291,0,0.004999999888241291,0.004999999888241291,0.004999999888241291
19-12-2012,0.004999999888241291,0.004999999888241291,0,0.004999999888241291,0.004999999888241291,0.004999999888241291
20-12-2012,0.004999999888241291,0.004999999888241291,0,0.004999999888241291,0.004999999888241291,0.004999999888241291
21-12-2012,0.004999999888241291,0.004999999888241291,0,0.004999999888241291,0.004999999888241291,0.004999999888241291
24-12-2012,0.004999999888241291,0.004999999888241291,0,0.004999999888241291,0.004999999888241291,0.004999999888241291
26-12-2012,0.004999999888241291,0.004999999888241291,0,0.004999999888241291,0.004999999888241291,0.004999999888241291
27-12-2012,0.004999999888241291,0.004999999888241291,0,0.004999999888241291,0.004999999888241291,0.004999999888241291
28-12-2012,0.004999999888241291,0.004999999888241291,0,0.004999999888241291,0.004999999888241291,0.004999999888241291
31-12-2012,0.004999999888241291,0.004999999888241291,0,0.004999999888241291,0.004999999888241291,0.004999999888241291
02-01-2013,0.004999999888241291,0.004999999888241291,0,0.004999999888241291,0.004999999888241291,0.004999999888241291
03-01-2013,0.004999999888241291,0.004999999888241291,0,0.004999999888241291,0.004999999888241291,0.004999999888241291
04-01-2013,0.004999999888241291,0.004999999888241291,0,0.004999999888241291,0.004999999888241291,0.004999999888241291
07-01-2013,0.004999999888241291,0.004999999888241291,0,0.004999999888241291,0.004999999888241291,0.004999999888241291
08-01-2013,0.004999999888241291,0.004999999888241291,0,0.004999999888241291,0.004999999888241291,0.004999999888241291
09-01-2013,0.004999999888241291,0.004999999888241291,0,0.004999999888241291,0.004999999888241291,0.004999999888241291
10-01-2013,0.004999999888241291,0.004999999888241291,0,0.004999999888241291,0.004999999888241291,0.004999999888241291
11-01-2013,0.004999999888241291,0.004999999888241291,0,0.004999999888241291,0.004999999888241291,0.004999999888241291
14-01-2013,0.004999999888241291,0.004999999888241291,0,0.004999999888241291,0.004999999888241291,0.004999999888241291
15-01-2013,0.004999999888241291,0.004999999888241291,0,0.004999999888241291,0.004999999888241291,0.004999999888241291
16-01-2013,0.004999999888241291,0.004999999888241291,0,0.004999999888241291,0.004999999888241291,0.004999999888241291
17-01-2013,0.004999999888241291,0.004999999888241291,0,0.004999999888241291,0.004999999888241291,0.004999999888241291
18-01-2013,0.004999999888241291,0.004999999888241291,0,0.004999999888241291,0.004999999888241291,0.004999999888241291
22-01-2013,0.004999999888241291,0.004999999888241291,0,0.004999999888241291,0.004999999888241291,0.004999999888241291
23-01-2013,0.004999999888241291,0.004999999888241291,0,0.004999999888241291,0.004999999888241291,0.004999999888241291
24-01-2013,0.004999999888241291,0.004999999888241291,0,0.004999999888241291,0.004999999888241291,0.004999999888241291
25-01-2013,0.004999999888241291,0.004999999888241291,0,0.004999999888241291,0.004999999888241291,0.004999999888241291
28-01-2013,0.004999999888241291,0.004999999888241291,0,0.004999999888241291,0.004999999888241291,0.004999999888241291
29-01-2013,0.004999999888241291,0.004999999888241291,0,0.004999999888241291,0.004999999888241291,0.004999999888241291
30-01-2013,0.004999999888241291,0.004999999888241291,0,0.004999999888241291,0.004999999888241291,0.004999999888241291
31-01-2013,0.004999999888241291,0.004999999888241291,0,0.004999999888241291,0.004999999888241291,0.004999999888241291
01-02-2013,0.004999999888241291,0.004999999888241291,0,0.004999999888241291,0.004999999888241291,0.004999999888241291
04-02-2013,0.004999999888241291,0.004999999888241291,0,0.004999999888241291,0.004999999888241291,0.004999999888241291
05-02-2013,0.004999999888241291,0.004999999888241291,0,0.004999999888241291,0.004999999888241291,0.004999999888241291
06-02-2013,0.004999999888241291,0.004999999888241291,0,0.004999999888241291,0.004999999888241291,0.004999999888241291
07-02-2013,0.004999999888241291,0.004999999888241291,0,0.004999999888241291,0.004999999888241291,0.004999999888241291
08-02-2013,0.004999999888241291,0.004999999888241291,0,0.004999999888241291,0.004999999888241291,0.004999999888241291
11-02-2013,0.004999999888241291,0.004999999888241291,0,0.004999999888241291,0.004999999888241291,0.004999999888241291
12-02-2013,0.004999999888241291,0.004999999888241291,0,0.004999999888241291,0.004999999888241291,0.004999999888241291
13-02-2013,0.004999999888241291,0.004999999888241291,0,0.004999999888241291,0.004999999888241291,0.004999999888241291
14-02-2013,0.004999999888241291,0.004999999888241291,0,0.004999999888241291,0.004999999888241291,0.004999999888241291
15-02-2013,0.004999999888241291,0.004999999888241291,0,0.004999999888241291,0.004999999888241291,0.004999999888241291
19-02-2013,0.004999999888241291,0.004999999888241291,0,0.004999999888241291,0.004999999888241291,0.004999999888241291
20-02-2013,0.004999999888241291,0.004999999888241291,0,0.004999999888241291,0.004999999888241291,0.004999999888241291
21-02-2013,0.004999999888241291,0.004999999888241291,0,0.004999999888241291,0.004999999888241291,0.004999999888241291
22-02-2013,0.004999999888241291,0.004999999888241291,0,0.004999999888241291,0.004999999888241291,0.004999999888241291
25-02-2013,0.004999999888241291,0.004999999888241291,0,0.004999999888241291,0.004999999888241291,0.004999999888241291
26-02-2013,0.004999999888241291,0.004999999888241291,0,0.004999999888241291,0.004999999888241291,0.004999999888241291
27-02-2013,0.004999999888241291,0.004999999888241291,0,0.004999999888241291,0.004999999888241291,0.004999999888241291
28-02-2013,0.004999999888241291,0.004999999888241291,0,0.004999999888241291,0.004999999888241291,0.004999999888241291
01-03-2013,0.004999999888241291,0.004999999888241291,0,0.004999999888241291,0.004999999888241291,0.004999999888241291
04-03-2013,0.004999999888241291,0.004999999888241291,0,0.004999999888241291,0.004999999888241291,0.004999999888241291
05-03-2013,0.004999999888241291,0.004999999888241291,0,0.004999999888241291,0.004999999888241291,0.004999999888241291
06-03-2013,0.004999999888241291,0.004999999888241291,0,0.004999999888241291,0.004999999888241291,0.004999999888241291
07-03-2013,0.004999999888241291,0.004999999888241291,0,0.004999999888241291,0.004999999888241291,0.004999999888241291
08-03-2013,0.004999999888241291,0.004999999888241291,0,0.004999999888241291,0.004999999888241291,0.004999999888241291
11-03-2013,0.004999999888241291,0.004999999888241291,0,0.004999999888241291,0.004999999888241291,0.004999999888241291
12-03-2013,0.004999999888241291,0.004999999888241291,0,0.004999999888241291,0.004999999888241291,0.004999999888241291
13-03-2013,0.004999999888241291,0.004999999888241291,0,0.004999999888241291,0.004999999888241291,0.004999999888241291
14-03-2013,0.004999999888241291,0.004999999888241291,0,0.004999999888241291,0.004999999888241291,0.004999999888241291
15-03-2013,0.004999999888241291,0.004999999888241291,0,0.004999999888241291,0.004999999888241291,0.004999999888241291
18-03-2013,0.004999999888241291,0.004999999888241291,0,0.004999999888241291,0.004999999888241291,0.004999999888241291
19-03-2013,0.004999999888241291,0.004999999888241291,0,0.004999999888241291,0.004999999888241291,0.004999999888241291
20-03-2013,0.004999999888241291,0.004999999888241291,0,0.004999999888241291,0.004999999888241291,0.004999999888241291
21-03-2013,0.004999999888241291,0.004999999888241291,0,0.004999999888241291,0.004999999888241291,0.004999999888241291
22-03-2013,0.004999999888241291,0.004999999888241291,0,0.004999999888241291,0.004999999888241291,0.004999999888241291
25-03-2013,0.004999999888241291,0.004999999888241291,0,0.004999999888241291,0.004999999888241291,0.004999999888241291
26-03-2013,0.004999999888241291,0.004999999888241291,0,0.004999999888241291,0.004999999888241291,0.004999999888241291
27-03-2013,0.004999999888241291,0.004999999888241291,0,0.004999999888241291,0.004999999888241291,0.004999999888241291
28-03-2013,0.004999999888241291,0.004999999888241291,0,0.004999999888241291,0.004999999888241291,0.004999999888241291
01-04-2013,0.004999999888241291,0.004999999888241291,0,0.004999999888241291,0.004999999888241291,0.004999999888241291
02-04-2013,0.004999999888241291,0.004999999888241291,0,0.004999999888241291,0.004999999888241291,0.004999999888241291
03-04-2013,0.004999999888241291,0.004999999888241291,0,0.004999999888241291,0.004999999888241291,0.004999999888241291
04-04-2013,0.004999999888241291,0.004999999888241291,0,0.004999999888241291,0.004999999888241291,0.004999999888241291
05-04-2013,0.004999999888241291,0.004999999888241291,0,0.004999999888241291,0.004999999888241291,0.004999999888241291
08-04-2013,0.004999999888241291,0.004999999888241291,0,0.004999999888241291,0.004999999888241291,0.004999999888241291
09-04-2013,0.004999999888241291,0.004999999888241291,0,0.004999999888241291,0.004999999888241291,0.004999999888241291
10-04-2013,0.004999999888241291,0.004999999888241291,0,0.004999999888241291,0.004999999888241291,0.004999999888241291
11-04-2013,0.004999999888241291,0.004999999888241291,0,0.004999999888241291,0.004999999888241291,0.004999999888241291
12-04-2013,0.004999999888241291,0.004999999888241291,0,0.004999999888241291,0.004999999888241291,0.004999999888241291
15-04-2013,0.004999999888241291,0.004999999888241291,0,0.004999999888241291,0.004999999888241291,0.004999999888241291
16-04-2013,0.004999999888241291,0.004999999888241291,0,0.004999999888241291,0.004999999888241291,0.004999999888241291
17-04-2013,0.004999999888241291,0.004999999888241291,0,0.004999999888241291,0.004999999888241291,0.004999999888241291
18-04-2013,0.004999999888241291,0.004999999888241291,0,0.004999999888241291,0.004999999888241291,0.004999999888241291
19-04-2013,0.004999999888241291,0.004999999888241291,0,0.004999999888241291,0.004999999888241291,0.004999999888241291
22-04-2013,0.004999999888241291,0.004999999888241291,0,0.004999999888241291,0.004999999888241291,0.004999999888241291
23-04-2013,0.004999999888241291,0.004999999888241291,0,0.004999999888241291,0.004999999888241291,0.004999999888241291
24-04-2013,0.004999999888241291,0.004999999888241291,0,0.004999999888241291,0.004999999888241291,0.004999999888241291
25-04-2013,0.004999999888241291,0.004999999888241291,0,0.004999999888241291,0.004999999888241291,0.004999999888241291
26-04-2013,0.004999999888241291,0.004999999888241291,0,0.004999999888241291,0.004999999888241291,0.004999999888241291
29-04-2013,0.004999999888241291,0.004999999888241291,0,0.004999999888241291,0.004999999888241291,0.004999999888241291
30-04-2013,0.004999999888241291,0.004999999888241291,0,0.004999999888241291,0.004999999888241291,0.004999999888241291
01-05-2013,0.004999999888241291,0.004999999888241291,0,0.004999999888241291,0.004999999888241291,0.004999999888241291
02-05-2013,0.004999999888241291,0.004999999888241291,0,0.004999999888241291,0.004999999888241291,0.004999999888241291
03-05-2013,0.004999999888241291,0.004999999888241291,0,0.004999999888241291,0.004999999888241291,0.004999999888241291
06-05-2013,0.004999999888241291,0.004999999888241291,0,0.004999999888241291,0.004999999888241291,0.004999999888241291
07-05-2013,0.004999999888241291,0.004999999888241291,0,0.004999999888241291,0.004999999888241291,0.004999999888241291
08-05-2013,0.004999999888241291,0.004999999888241291,0,0.004999999888241291,0.004999999888241291,0.004999999888241291
09-05-2013,0.004999999888241291,0.004999999888241291,0,0.004999999888241291,0.004999999888241291,0.004999999888241291
10-05-2013,0.004999999888241291,0.004999999888241291,0,0.004999999888241291,0.004999999888241291,0.004999999888241291
13-05-2013,0.004999999888241291,0.004999999888241291,0,0.004999999888241291,0.004999999888241291,0.004999999888241291
14-05-2013,0.004999999888241291,0.004999999888241291,0,0.004999999888241291,0.004999999888241291,0.004999999888241291
15-05-2013,0.004999999888241291,0.004999999888241291,0,0.004999999888241291,0.004999999888241291,0.004999999888241291
16-05-2013,0.004999999888241291,0.004999999888241291,0,0.004999999888241291,0.004999999888241291,0.004999999888241291
17-05-2013,0.004999999888241291,0.004999999888241291,0,0.004999999888241291,0.004999999888241291,0.004999999888241291
20-05-2013,0.004999999888241291,0.004999999888241291,0,0.004999999888241291,0.004999999888241291,0.004999999888241291
21-05-2013,0.004999999888241291,0.004999999888241291,0,0.004999999888241291,0.004999999888241291,0.004999999888241291
22-05-2013,0.004999999888241291,0.004999999888241291,0,0.004999999888241291,0.004999999888241291,0.004999999888241291
23-05-2013,0.004999999888241291,0.004999999888241291,0,0.004999999888241291,0.004999999888241291,0.004999999888241291
24-05-2013,0.004999999888241291,0.004999999888241291,0,0.004999999888241291,0.004999999888241291,0.004999999888241291
28-05-2013,0.004999999888241291,0.004999999888241291,0,0.004999999888241291,0.004999999888241291,0.004999999888241291
29-05-2013,0.004999999888241291,0.004999999888241291,0,0.004999999888241291,0.004999999888241291,0.004999999888241291
30-05-2013,0.004999999888241291,0.004999999888241291,0,0.004999999888241291,0.004999999888241291,0.004999999888241291
31-05-2013,0.004999999888241291,0.004999999888241291,0,0.004999999888241291,0.004999999888241291,0.004999999888241291
03-06-2013,0.004999999888241291,0.004999999888241291,0,0.004999999888241291,0.004999999888241291,0.004999999888241291
04-06-2013,0.004999999888241291,0.004999999888241291,0,0.004999999888241291,0.004999999888241291,0.004999999888241291
05-06-2013,0.004999999888241291,0.004999999888241291,0,0.004999999888241291,0.004999999888241291,0.004999999888241291
06-06-2013,0.004999999888241291,0.004999999888241291,0,0.004999999888241291,0.004999999888241291,0.004999999888241291
07-06-2013,0.004999999888241291,0.004999999888241291,0,0.004999999888241291,0.004999999888241291,0.004999999888241291
10-06-2013,0.004999999888241291,0.004999999888241291,0,0.004999999888241291,0.004999999888241291,0.004999999888241291
11-06-2013,0.004999999888241291,0.004999999888241291,0,0.004999999888241291,0.004999999888241291,0.004999999888241291
12-06-2013,0.004999999888241291,0.004999999888241291,0,0.004999999888241291,0.004999999888241291,0.004999999888241291
13-06-2013,0.004999999888241291,0.004999999888241291,0,0.004999999888241291,0.004999999888241291,0.004999999888241291
14-06-2013,0.012500000186264515,0.02500000037252903,40000,0.02500000037252903,0.012500000186264515,0.012500000186264515
17-06-2013,0.012500000186264515,0.012500000186264515,0,0.012500000186264515,0.012500000186264515,0.012500000186264515
18-06-2013,0.012500000186264515,0.012500000186264515,0,0.012500000186264515,0.012500000186264515,0.012500000186264515
19-06-2013,0.012500000186264515,0.012500000186264515,0,0.012500000186264515,0.012500000186264515,0.012500000186264515
20-06-2013,0.012500000186264515,0.012500000186264515,0,0.012500000186264515,0.012500000186264515,0.012500000186264515
21-06-2013,0.012500000186264515,0.012500000186264515,0,0.012500000186264515,0.012500000186264515,0.012500000186264515
24-06-2013,0.05000000074505806,0.05000000074505806,14000,0.05000000074505806,0.05000000074505806,0.05000000074505806
25-06-2013,0.05000000074505806,0.05000000074505806,6000,0.05000000074505806,0.05000000074505806,0.05000000074505806
26-06-2013,0.05000000074505806,0.05000000074505806,0,0.05000000074505806,0.05000000074505806,0.05000000074505806
27-06-2013,0.05000000074505806,0.05000000074505806,0,0.05000000074505806,0.05000000074505806,0.05000000074505806
28-06-2013,0.05000000074505806,0.05000000074505806,0,0.05000000074505806,0.05000000074505806,0.05000000074505806
01-07-2013,0.05000000074505806,0.05000000074505806,20000,0.05000000074505806,0.05000000074505806,0.05000000074505806
02-07-2013,0.05000000074505806,0.05000000074505806,0,0.05000000074505806,0.05000000074505806,0.05000000074505806
03-07-2013,0.05000000074505806,0.05000000074505806,0,0.05000000074505806,0.05000000074505806,0.05000000074505806
05-07-2013,0.05000000074505806,0.05000000074505806,0,0.05000000074505806,0.05000000074505806,0.05000000074505806
08-07-2013,0.05000000074505806,0.05000000074505806,0,0.05000000074505806,0.05000000074505806,0.05000000074505806
09-07-2013,0.05000000074505806,0.05000000074505806,0,0.05000000074505806,0.05000000074505806,0.05000000074505806
10-07-2013,0.012500000186264515,0.012500000186264515,6000,0.012500000186264515,0.012500000186264515,0.012500000186264515
11-07-2013,0.012500000186264515,0.012500000186264515,0,0.012500000186264515,0.012500000186264515,0.012500000186264515
12-07-2013,0.012500000186264515,0.012500000186264515,0,0.012500000186264515,0.012500000186264515,0.012500000186264515
15-07-2013,0.012500000186264515,0.012500000186264515,0,0.012500000186264515,0.012500000186264515,0.012500000186264515
16-07-2013,0.012500000186264515,0.012500000186264515,0,0.012500000186264515,0.012500000186264515,0.012500000186264515
17-07-2013,0.012500000186264515,0.012500000186264515,0,0.012500000186264515,0.012500000186264515,0.012500000186264515
18-07-2013,0.012500000186264515,0.012500000186264515,0,0.012500000186264515,0.012500000186264515,0.012500000186264515
19-07-2013,0.012500000186264515,0.012500000186264515,0,0.012500000186264515,0.012500000186264515,0.012500000186264515
22-07-2013,0.012500000186264515,0.012500000186264515,0,0.012500000186264515,0.012500000186264515,0.012500000186264515
23-07-2013,0.012500000186264515,0.012500000186264515,0,0.012500000186264515,0.012500000186264515,0.012500000186264515
24-07-2013,0.012500000186264515,0.012500000186264515,0,0.012500000186264515,0.012500000186264515,0.012500000186264515
25-07-2013,0.07500000298023224,0.07500000298023224,2000,0.07500000298023224,0.07500000298023224,0.07500000298023224
26-07-2013,0.07500000298023224,0.07500000298023224,0,0.07500000298023224,0.07500000298023224,0.07500000298023224
29-07-2013,0.07500000298023224,0.07500000298023224,0,0.07500000298023224,0.07500000298023224,0.07500000298023224
30-07-2013,0.07500000298023224,0.07500000298023224,0,0.07500000298023224,0.07500000298023224,0.07500000298023224
31-07-2013,0.07500000298023224,0.07500000298023224,0,0.07500000298023224,0.07500000298023224,0.07500000298023224
01-08-2013,0.07500000298023224,0.07500000298023224,0,0.07500000298023224,0.07500000298023224,0.07500000298023224
02-08-2013,0.07500000298023224,0.07500000298023224,0,0.07500000298023224,0.07500000298023224,0.07500000298023224
05-08-2013,0.07500000298023224,0.07500000298023224,0,0.07500000298023224,0.07500000298023224,0.07500000298023224
06-08-2013,0.07500000298023224,0.07500000298023224,0,0.07500000298023224,0.07500000298023224,0.07500000298023224
07-08-2013,0.07500000298023224,0.07500000298023224,0,0.07500000298023224,0.07500000298023224,0.07500000298023224
08-08-2013,0.07500000298023224,0.07500000298023224,0,0.07500000298023224,0.07500000298023224,0.07500000298023224
09-08-2013,0.07500000298023224,0.07500000298023224,0,0.07500000298023224,0.07500000298023224,0.07500000298023224
12-08-2013,0.07500000298023224,0.07500000298023224,0,0.07500000298023224,0.07500000298023224,0.07500000298023224
13-08-2013,0.07500000298023224,0.07500000298023224,0,0.07500000298023224,0.07500000298023224,0.07500000298023224
14-08-2013,0.07500000298023224,0.07500000298023224,0,0.07500000298023224,0.07500000298023224,0.07500000298023224
15-08-2013,0.07500000298023224,0.07500000298023224,0,0.07500000298023224,0.07500000298023224,0.07500000298023224
16-08-2013,0.07500000298023224,0.07500000298023224,0,0.07500000298023224,0.07500000298023224,0.07500000298023224
19-08-2013,0.07500000298023224,0.07500000298023224,0,0.07500000298023224,0.07500000298023224,0.07500000298023224
20-08-2013,0.07500000298023224,0.07500000298023224,0,0.07500000298023224,0.07500000298023224,0.07500000298023224
21-08-2013,0.07500000298023224,0.07500000298023224,0,0.07500000298023224,0.07500000298023224,0.07500000298023224
22-08-2013,0.07500000298023224,0.07500000298023224,0,0.07500000298023224,0.07500000298023224,0.07500000298023224
23-08-2013,0.07500000298023224,0.07500000298023224,0,0.07500000298023224,0.07500000298023224,0.07500000298023224
26-08-2013,0.07500000298023224,0.07500000298023224,0,0.07500000298023224,0.07500000298023224,0.07500000298023224
27-08-2013,0.07500000298023224,0.07500000298023224,0,0.07500000298023224,0.07500000298023224,0.07500000298023224
28-08-2013,0.07500000298023224,0.07500000298023224,0,0.07500000298023224,0.07500000298023224,0.07500000298023224
29-08-2013,0.07500000298023224,0.07500000298023224,0,0.07500000298023224,0.07500000298023224,0.07500000298023224
30-08-2013,0.07500000298023224,0.07500000298023224,0,0.07500000298023224,0.07500000298023224,0.07500000298023224
03-09-2013,0.07500000298023224,0.07500000298023224,0,0.07500000298023224,0.07500000298023224,0.07500000298023224
04-09-2013,0.07500000298023224,0.07500000298023224,0,0.07500000298023224,0.07500000298023224,0.07500000298023224
05-09-2013,0.07500000298023224,0.07500000298023224,0,0.07500000298023224,0.07500000298023224,0.07500000298023224
06-09-2013,0.07500000298023224,0.07500000298023224,0,0.07500000298023224,0.07500000298023224,0.07500000298023224
09-09-2013,0.07500000298023224,0.07500000298023224,0,0.07500000298023224,0.07500000298023224,0.07500000298023224
10-09-2013,0.07500000298023224,0.07500000298023224,0,0.07500000298023224,0.07500000298023224,0.07500000298023224
11-09-2013,0.07500000298023224,0.07500000298023224,0,0.07500000298023224,0.07500000298023224,0.07500000298023224
12-09-2013,0.07500000298023224,0.07500000298023224,0,0.07500000298023224,0.07500000298023224,0.07500000298023224
13-09-2013,0.07500000298023224,0.07500000298023224,0,0.07500000298023224,0.07500000298023224,0.07500000298023224
16-09-2013,0.07500000298023224,0.07500000298023224,0,0.07500000298023224,0.07500000298023224,0.07500000298023224
17-09-2013,0.07500000298023224,0.07500000298023224,0,0.07500000298023224,0.07500000298023224,0.07500000298023224
18-09-2013,0.07500000298023224,0.07500000298023224,0,0.07500000298023224,0.07500000298023224,0.07500000298023224
19-09-2013,0.07500000298023224,0.07500000298023224,0,0.07500000298023224,0.07500000298023224,0.07500000298023224
20-09-2013,0.07500000298023224,0.07500000298023224,0,0.07500000298023224,0.07500000298023224,0.07500000298023224
23-09-2013,0.07500000298023224,0.07500000298023224,0,0.07500000298023224,0.07500000298023224,0.07500000298023224
24-09-2013,0.07500000298023224,0.07500000298023224,0,0.07500000298023224,0.07500000298023224,0.07500000298023224
25-09-2013,0.07500000298023224,0.07500000298023224,0,0.07500000298023224,0.07500000298023224,0.07500000298023224
26-09-2013,0.07500000298023224,0.07500000298023224,0,0.07500000298023224,0.07500000298023224,0.07500000298023224
27-09-2013,0.07500000298023224,0.07500000298023224,0,0.07500000298023224,0.07500000298023224,0.07500000298023224
30-09-2013,0.07500000298023224,0.07500000298023224,0,0.07500000298023224,0.07500000298023224,0.07500000298023224
01-10-2013,0.07500000298023224,0.07500000298023224,0,0.07500000298023224,0.07500000298023224,0.07500000298023224
02-10-2013,0.07500000298023224,0.07500000298023224,0,0.07500000298023224,0.07500000298023224,0.07500000298023224
03-10-2013,0.07500000298023224,0.07500000298023224,0,0.07500000298023224,0.07500000298023224,0.07500000298023224
04-10-2013,0.07500000298023224,0.07500000298023224,0,0.07500000298023224,0.07500000298023224,0.07500000298023224
07-10-2013,0.07500000298023224,0.07500000298023224,0,0.07500000298023224,0.07500000298023224,0.07500000298023224
08-10-2013,0.07500000298023224,0.07500000298023224,0,0.07500000298023224,0.07500000298023224,0.07500000298023224
09-10-2013,0.07500000298023224,0.07500000298023224,0,0.07500000298023224,0.07500000298023224,0.07500000298023224
10-10-2013,0.07500000298023224,0.07500000298023224,0,0.07500000298023224,0.07500000298023224,0.07500000298023224
11-10-2013,0.07500000298023224,0.07500000298023224,0,0.07500000298023224,0.07500000298023224,0.07500000298023224
14-10-2013,0.07500000298023224,0.07500000298023224,0,0.07500000298023224,0.07500000298023224,0.07500000298023224
15-10-2013,0.07500000298023224,0.07500000298023224,0,0.07500000298023224,0.07500000298023224,0.07500000298023224
16-10-2013,0.07500000298023224,0.07500000298023224,0,0.07500000298023224,0.07500000298023224,0.07500000298023224
17-10-2013,0.07500000298023224,0.07500000298023224,0,0.07500000298023224,0.07500000298023224,0.07500000298023224
18-10-2013,0.07500000298023224,0.07500000298023224,0,0.07500000298023224,0.07500000298023224,0.07500000298023224
21-10-2013,0.07500000298023224,0.07500000298023224,0,0.07500000298023224,0.07500000298023224,0.07500000298023224
22-10-2013,0.07500000298023224,0.07500000298023224,0,0.07500000298023224,0.07500000298023224,0.07500000298023224
23-10-2013,0.07500000298023224,0.07500000298023224,0,0.07500000298023224,0.07500000298023224,0.07500000298023224
24-10-2013,0.07500000298023224,0.07500000298023224,0,0.07500000298023224,0.07500000298023224,0.07500000298023224
25-10-2013,0.07500000298023224,0.07500000298023224,0,0.07500000298023224,0.07500000298023224,0.07500000298023224
28-10-2013,0.07500000298023224,0.07500000298023224,0,0.07500000298023224,0.07500000298023224,0.07500000298023224
29-10-2013,0.07500000298023224,0.07500000298023224,0,0.07500000298023224,0.07500000298023224,0.07500000298023224
30-10-2013,0.07500000298023224,0.07500000298023224,0,0.07500000298023224,0.07500000298023224,0.07500000298023224
31-10-2013,0.07500000298023224,0.07500000298023224,0,0.07500000298023224,0.07500000298023224,0.07500000298023224
01-11-2013,0.07500000298023224,0.07500000298023224,0,0.07500000298023224,0.07500000298023224,0.07500000298023224
04-11-2013,0.07500000298023224,0.07500000298023224,0,0.07500000298023224,0.07500000298023224,0.07500000298023224
05-11-2013,0.07500000298023224,0.07500000298023224,0,0.07500000298023224,0.07500000298023224,0.07500000298023224
06-11-2013,0.07500000298023224,0.07500000298023224,1336,0.07500000298023224,0.07500000298023224,0.07500000298023224
07-11-2013,0.07500000298023224,0.07500000298023224,0,0.07500000298023224,0.07500000298023224,0.07500000298023224
08-11-2013,0.07500000298023224,0.07500000298023224,0,0.07500000298023224,0.07500000298023224,0.07500000298023224
11-11-2013,0.07500000298023224,0.07500000298023224,0,0.07500000298023224,0.07500000298023224,0.07500000298023224
12-11-2013,0.07500000298023224,0.07500000298023224,0,0.07500000298023224,0.07500000298023224,0.07500000298023224
13-11-2013,0.07500000298023224,0.07500000298023224,0,0.07500000298023224,0.07500000298023224,0.07500000298023224
14-11-2013,0.07500000298023224,0.07500000298023224,0,0.07500000298023224,0.07500000298023224,0.07500000298023224
15-11-2013,0.07500000298023224,0.07500000298023224,0,0.07500000298023224,0.07500000298023224,0.07500000298023224
18-11-2013,0.07500000298023224,0.07500000298023224,0,0.07500000298023224,0.07500000298023224,0.07500000298023224
19-11-2013,0.07500000298023224,0.07500000298023224,0,0.07500000298023224,0.07500000298023224,0.07500000298023224
20-11-2013,0.07500000298023224,0.07500000298023224,0,0.07500000298023224,0.07500000298023224,0.07500000298023224
21-11-2013,0.07500000298023224,0.07500000298023224,0,0.07500000298023224,0.07500000298023224,0.07500000298023224
22-11-2013,0.07500000298023224,0.07500000298023224,0,0.07500000298023224,0.07500000298023224,0.07500000298023224
25-11-2013,0.07500000298023224,0.07500000298023224,0,0.07500000298023224,0.07500000298023224,0.07500000298023224
26-11-2013,0.07500000298023224,0.07500000298023224,0,0.07500000298023224,0.07500000298023224,0.07500000298023224
27-11-2013,0.07500000298023224,0.07500000298023224,0,0.07500000298023224,0.07500000298023224,0.07500000298023224
29-11-2013,0.07500000298023224,0.07500000298023224,0,0.07500000298023224,0.07500000298023224,0.07500000298023224
02-12-2013,0.07500000298023224,0.07500000298023224,0,0.07500000298023224,0.07500000298023224,0.07500000298023224
03-12-2013,0.07500000298023224,0.07500000298023224,0,0.07500000298023224,0.07500000298023224,0.07500000298023224
04-12-2013,0.07500000298023224,0.07500000298023224,0,0.07500000298023224,0.07500000298023224,0.07500000298023224
05-12-2013,0.07500000298023224,0.07500000298023224,0,0.07500000298023224,0.07500000298023224,0.07500000298023224
06-12-2013,0.07500000298023224,0.07500000298023224,0,0.07500000298023224,0.07500000298023224,0.07500000298023224
09-12-2013,0.05000000074505806,0.05000000074505806,12000,0.05000000074505806,0.05000000074505806,0.05000000074505806
10-12-2013,0.05000000074505806,0.05000000074505806,0,0.05000000074505806,0.05000000074505806,0.05000000074505806
11-12-2013,0.05000000074505806,0.05000000074505806,0,0.05000000074505806,0.05000000074505806,0.05000000074505806
12-12-2013,0.05000000074505806,0.05000000074505806,0,0.05000000074505806,0.05000000074505806,0.05000000074505806
13-12-2013,0.05000000074505806,0.05000000074505806,0,0.05000000074505806,0.05000000074505806,0.05000000074505806
16-12-2013,0.05000000074505806,0.05000000074505806,0,0.05000000074505806,0.05000000074505806,0.05000000074505806
17-12-2013,0.05000000074505806,0.05000000074505806,0,0.05000000074505806,0.05000000074505806,0.05000000074505806
18-12-2013,0.05000000074505806,0.05000000074505806,0,0.05000000074505806,0.05000000074505806,0.05000000074505806
19-12-2013,0.05000000074505806,0.05000000074505806,0,0.05000000074505806,0.05000000074505806,0.05000000074505806
20-12-2013,0.012500000186264515,0.012500000186264515,2000,0.012500000186264515,0.012500000186264515,0.012500000186264515
23-12-2013,0.012500000186264515,0.012500000186264515,0,0.012500000186264515,0.012500000186264515,0.012500000186264515
24-12-2013,0.012500000186264515,0.012500000186264515,0,0.012500000186264515,0.012500000186264515,0.012500000186264515
26-12-2013,0.012500000186264515,0.012500000186264515,0,0.012500000186264515,0.012500000186264515,0.012500000186264515
27-12-2013,0.012500000186264515,0.012500000186264515,0,0.012500000186264515,0.012500000186264515,0.012500000186264515
30-12-2013,0.012500000186264515,0.012500000186264515,0,0.012500000186264515,0.012500000186264515,0.012500000186264515
31-12-2013,0.012500000186264515,0.012500000186264515,0,0.012500000186264515,0.012500000186264515,0.012500000186264515
02-01-2014,0.012500000186264515,0.012500000186264515,0,0.012500000186264515,0.012500000186264515,0.012500000186264515
03-01-2014,0.012500000186264515,0.012500000186264515,0,0.012500000186264515,0.012500000186264515,0.012500000186264515
06-01-2014,0.012500000186264515,0.012500000186264515,0,0.012500000186264515,0.012500000186264515,0.012500000186264515
07-01-2014,0.012500000186264515,0.012500000186264515,0,0.012500000186264515,0.012500000186264515,0.012500000186264515
08-01-2014,0.012500000186264515,0.012500000186264515,0,0.012500000186264515,0.012500000186264515,0.012500000186264515
09-01-2014,0.012500000186264515,0.012500000186264515,0,0.012500000186264515,0.012500000186264515,0.012500000186264515
10-01-2014,0.012500000186264515,0.012500000186264515,0,0.012500000186264515,0.012500000186264515,0.012500000186264515
13-01-2014,0.012500000186264515,0.012500000186264515,0,0.012500000186264515,0.012500000186264515,0.012500000186264515
14-01-2014,0.012500000186264515,0.012500000186264515,0,0.012500000186264515,0.012500000186264515,0.012500000186264515
15-01-2014,0.012500000186264515,0.012500000186264515,0,0.012500000186264515,0.012500000186264515,0.012500000186264515
16-01-2014,0.012500000186264515,0.012500000186264515,0,0.012500000186264515,0.012500000186264515,0.012500000186264515
17-01-2014,0.012500000186264515,0.012500000186264515,0,0.012500000186264515,0.012500000186264515,0.012500000186264515
21-01-2014,0.012500000186264515,0.012500000186264515,0,0.012500000186264515,0.012500000186264515,0.012500000186264515
22-01-2014,0.012500000186264515,0.012500000186264515,0,0.012500000186264515,0.012500000186264515,0.012500000186264515
23-01-2014,0.012500000186264515,0.012500000186264515,0,0.012500000186264515,0.012500000186264515,0.012500000186264515
24-01-2014,0.012500000186264515,0.012500000186264515,0,0.012500000186264515,0.012500000186264515,0.012500000186264515
27-01-2014,0.012500000186264515,0.012500000186264515,0,0.012500000186264515,0.012500000186264515,0.012500000186264515
28-01-2014,0.012500000186264515,0.012500000186264515,0,0.012500000186264515,0.012500000186264515,0.012500000186264515
29-01-2014,0.012500000186264515,0.012500000186264515,0,0.012500000186264515,0.012500000186264515,0.012500000186264515
30-01-2014,0.012500000186264515,0.012500000186264515,0,0.012500000186264515,0.012500000186264515,0.012500000186264515
31-01-2014,0.007499999832361937,0.007499999832361937,332464,0.007499999832361937,0.007499999832361937,0.007499999832361937
03-02-2014,0.007499999832361937,0.007499999832361937,0,0.007499999832361937,0.007499999832361937,0.007499999832361937
04-02-2014,0.007499999832361937,0.007499999832361937,0,0.007499999832361937,0.007499999832361937,0.007499999832361937
05-02-2014,0.007499999832361937,0.007499999832361937,0,0.007499999832361937,0.007499999832361937,0.007499999832361937
06-02-2014,0.007499999832361937,0.007499999832361937,0,0.007499999832361937,0.007499999832361937,0.007499999832361937
07-02-2014,0.007499999832361937,0.007499999832361937,0,0.007499999832361937,0.007499999832361937,0.007499999832361937
10-02-2014,0.007499999832361937,0.007499999832361937,0,0.007499999832361937,0.007499999832361937,0.007499999832361937
11-02-2014,0.007499999832361937,0.007499999832361937,0,0.007499999832361937,0.007499999832361937,0.007499999832361937
12-02-2014,0.007499999832361937,0.007499999832361937,0,0.007499999832361937,0.007499999832361937,0.007499999832361937
13-02-2014,0.007499999832361937,0.007499999832361937,0,0.007499999832361937,0.007499999832361937,0.007499999832361937
14-02-2014,0.007499999832361937,0.007499999832361937,0,0.007499999832361937,0.007499999832361937,0.007499999832361937
18-02-2014,0.007499999832361937,0.007499999832361937,0,0.007499999832361937,0.007499999832361937,0.007499999832361937
19-02-2014,0.007499999832361937,0.007499999832361937,0,0.007499999832361937,0.007499999832361937,0.007499999832361937
20-02-2014,0.007499999832361937,0.007499999832361937,0,0.007499999832361937,0.007499999832361937,0.007499999832361937
21-02-2014,0.007499999832361937,0.007499999832361937,0,0.007499999832361937,0.007499999832361937,0.007499999832361937
24-02-2014,0.007499999832361937,0.007499999832361937,0,0.007499999832361937,0.007499999832361937,0.007499999832361937
25-02-2014,0.007499999832361937,0.007499999832361937,0,0.007499999832361937,0.007499999832361937,0.007499999832361937
26-02-2014,0.007499999832361937,0.007499999832361937,0,0.007499999832361937,0.007499999832361937,0.007499999832361937
27-02-2014,0.007499999832361937,0.007499999832361937,0,0.007499999832361937,0.007499999832361937,0.007499999832361937
28-02-2014,0.007499999832361937,0.007499999832361937,0,0.007499999832361937,0.007499999832361937,0.007499999832361937
03-03-2014,0.007499999832361937,0.007499999832361937,0,0.007499999832361937,0.007499999832361937,0.007499999832361937
04-03-2014,0.07500000298023224,0.07500000298023224,8000,0.07500000298023224,0.07500000298023224,0.07500000298023224
05-03-2014,0.07500000298023224,0.07500000298023224,0,0.07500000298023224,0.07500000298023224,0.07500000298023224
06-03-2014,0.07500000298023224,0.07500000298023224,0,0.07500000298023224,0.07500000298023224,0.07500000298023224
07-03-2014,0.07500000298023224,0.07500000298023224,0,0.07500000298023224,0.07500000298023224,0.07500000298023224
10-03-2014,0.07500000298023224,0.07500000298023224,0,0.07500000298023224,0.07500000298023224,0.07500000298023224
11-03-2014,0.07500000298023224,0.07500000298023224,0,0.07500000298023224,0.07500000298023224,0.07500000298023224
12-03-2014,0.07500000298023224,0.07500000298023224,0,0.07500000298023224,0.07500000298023224,0.07500000298023224
13-03-2014,0.07500000298023224,0.07500000298023224,0,0.07500000298023224,0.07500000298023224,0.07500000298023224
14-03-2014,0.10000000149011612,0.10000000149011612,3796,0.10000000149011612,0.10000000149011612,0.10000000149011612
17-03-2014,0.10000000149011612,0.10000000149011612,0,0.10000000149011612,0.10000000149011612,0.10000000149011612
18-03-2014,0.10000000149011612,0.10000000149011612,0,0.10000000149011612,0.10000000149011612,0.10000000149011612
19-03-2014,0.10000000149011612,0.10000000149011612,0,0.10000000149011612,0.10000000149011612,0.10000000149011612
20-03-2014,0.10000000149011612,0.10000000149011612,0,0.10000000149011612,0.10000000149011612,0.10000000149011612
21-03-2014,0.10000000149011612,0.10000000149011612,0,0.10000000149011612,0.10000000149011612,0.10000000149011612
24-03-2014,0.10000000149011612,0.10000000149011612,0,0.10000000149011612,0.10000000149011612,0.10000000149011612
25-03-2014,0.10000000149011612,0.10000000149011612,0,0.10000000149011612,0.10000000149011612,0.10000000149011612
26-03-2014,0.10000000149011612,0.10000000149011612,0,0.10000000149011612,0.10000000149011612,0.10000000149011612
27-03-2014,0.10000000149011612,0.10000000149011612,0,0.10000000149011612,0.10000000149011612,0.10000000149011612
28-03-2014,0.10000000149011612,0.10000000149011612,0,0.10000000149011612,0.10000000149011612,0.10000000149011612
31-03-2014,0.10000000149011612,0.10000000149011612,0,0.10000000149011612,0.10000000149011612,0.10000000149011612
01-04-2014,0.10000000149011612,0.10000000149011612,0,0.10000000149011612,0.10000000149011612,0.10000000149011612
02-04-2014,0.10000000149011612,0.10000000149011612,0,0.10000000149011612,0.10000000149011612,0.10000000149011612
03-04-2014,0.10000000149011612,0.10000000149011612,0,0.10000000149011612,0.10000000149011612,0.10000000149011612
04-04-2014,0.10000000149011612,0.10000000149011612,0,0.10000000149011612,0.10000000149011612,0.10000000149011612
07-04-2014,0.10000000149011612,0.10000000149011612,0,0.10000000149011612,0.10000000149011612,0.10000000149011612
08-04-2014,0.10000000149011612,0.10000000149011612,0,0.10000000149011612,0.10000000149011612,0.10000000149011612
09-04-2014,0.10000000149011612,0.10000000149011612,0,0.10000000149011612,0.10000000149011612,0.10000000149011612
10-04-2014,0.10000000149011612,0.10000000149011612,0,0.10000000149011612,0.10000000149011612,0.10000000149011612
11-04-2014,0.10000000149011612,0.10000000149011612,0,0.10000000149011612,0.10000000149011612,0.10000000149011612
14-04-2014,0.10000000149011612,0.10000000149011612,0,0.10000000149011612,0.10000000149011612,0.10000000149011612
15-04-2014,0.10000000149011612,0.10000000149011612,0,0.10000000149011612,0.10000000149011612,0.10000000149011612
16-04-2014,0.10000000149011612,0.10000000149011612,0,0.10000000149011612,0.10000000149011612,0.10000000149011612
17-04-2014,0.10000000149011612,0.10000000149011612,0,0.10000000149011612,0.10000000149011612,0.10000000149011612
21-04-2014,0.10000000149011612,0.10000000149011612,0,0.10000000149011612,0.10000000149011612,0.10000000149011612
22-04-2014,0.10000000149011612,0.10000000149011612,0,0.10000000149011612,0.10000000149011612,0.10000000149011612
23-04-2014,0.10000000149011612,0.10000000149011612,0,0.10000000149011612,0.10000000149011612,0.10000000149011612
24-04-2014,0.10000000149011612,0.10000000149011612,0,0.10000000149011612,0.10000000149011612,0.10000000149011612
25-04-2014,0.10000000149011612,0.10000000149011612,0,0.10000000149011612,0.10000000149011612,0.10000000149011612
28-04-2014,0.10000000149011612,0.10000000149011612,0,0.10000000149011612,0.10000000149011612,0.10000000149011612
29-04-2014,0.10000000149011612,0.10000000149011612,0,0.10000000149011612,0.10000000149011612,0.10000000149011612
30-04-2014,0.10000000149011612,0.10000000149011612,0,0.10000000149011612,0.10000000149011612,0.10000000149011612
01-05-2014,0.10000000149011612,0.10000000149011612,0,0.10000000149011612,0.10000000149011612,0.10000000149011612
02-05-2014,0.10000000149011612,0.10000000149011612,0,0.10000000149011612,0.10000000149011612,0.10000000149011612
05-05-2014,0.10000000149011612,0.10000000149011612,0,0.10000000149011612,0.10000000149011612,0.10000000149011612
06-05-2014,0.10000000149011612,0.10000000149011612,0,0.10000000149011612,0.10000000149011612,0.10000000149011612
07-05-2014,0.10000000149011612,0.10000000149011612,0,0.10000000149011612,0.10000000149011612,0.10000000149011612
08-05-2014,0.10000000149011612,0.10000000149011612,0,0.10000000149011612,0.10000000149011612,0.10000000149011612
09-05-2014,0.10000000149011612,0.10000000149011612,0,0.10000000149011612,0.10000000149011612,0.10000000149011612
12-05-2014,0.10000000149011612,0.10000000149011612,0,0.10000000149011612,0.10000000149011612,0.10000000149011612
13-05-2014,0.10000000149011612,0.10000000149011612,0,0.10000000149011612,0.10000000149011612,0.10000000149011612
14-05-2014,0.10000000149011612,0.10000000149011612,0,0.10000000149011612,0.10000000149011612,0.10000000149011612
15-05-2014,0.10000000149011612,0.10000000149011612,0,0.10000000149011612,0.10000000149011612,0.10000000149011612
16-05-2014,0.10000000149011612,0.10000000149011612,0,0.10000000149011612,0.10000000149011612,0.10000000149011612
19-05-2014,0.10000000149011612,0.10000000149011612,0,0.10000000149011612,0.10000000149011612,0.10000000149011612
20-05-2014,0.10000000149011612,0.10000000149011612,0,0.10000000149011612,0.10000000149011612,0.10000000149011612
21-05-2014,0.10000000149011612,0.10000000149011612,0,0.10000000149011612,0.10000000149011612,0.10000000149011612
22-05-2014,0.10000000149011612,0.10000000149011612,0,0.10000000149011612,0.10000000149011612,0.10000000149011612
23-05-2014,0.10000000149011612,0.10000000149011612,0,0.10000000149011612,0.10000000149011612,0.10000000149011612
27-05-2014,0.10000000149011612,0.10000000149011612,0,0.10000000149011612,0.10000000149011612,0.10000000149011612
28-05-2014,0.10000000149011612,0.10000000149011612,0,0.10000000149011612,0.10000000149011612,0.10000000149011612
29-05-2014,0.10000000149011612,0.10000000149011612,0,0.10000000149011612,0.10000000149011612,0.10000000149011612
30-05-2014,0.10000000149011612,0.10000000149011612,0,0.10000000149011612,0.10000000149011612,0.10000000149011612
02-06-2014,0.10000000149011612,0.10000000149011612,0,0.10000000149011612,0.10000000149011612,0.10000000149011612
03-06-2014,0.10000000149011612,0.10000000149011612,0,0.10000000149011612,0.10000000149011612,0.10000000149011612
04-06-2014,0.10000000149011612,0.10000000149011612,0,0.10000000149011612,0.10000000149011612,0.10000000149011612
05-06-2014,0.10000000149011612,0.10000000149011612,0,0.10000000149011612,0.10000000149011612,0.10000000149011612
06-06-2014,0.10000000149011612,0.10000000149011612,0,0.10000000149011612,0.10000000149011612,0.10000000149011612
09-06-2014,0.10000000149011612,0.10000000149011612,0,0.10000000149011612,0.10000000149011612,0.10000000149011612
10-06-2014,0.10000000149011612,0.10000000149011612,0,0.10000000149011612,0.10000000149011612,0.10000000149011612
11-06-2014,0.10000000149011612,0.10000000149011612,0,0.10000000149011612,0.10000000149011612,0.10000000149011612
12-06-2014,0.10000000149011612,0.10000000149011612,0,0.10000000149011612,0.10000000149011612,0.10000000149011612
13-06-2014,0.10000000149011612,0.10000000149011612,0,0.10000000149011612,0.10000000149011612,0.10000000149011612
16-06-2014,0.10000000149011612,0.10000000149011612,0,0.10000000149011612,0.10000000149011612,0.10000000149011612
17-06-2014,0.10000000149011612,0.10000000149011612,0,0.10000000149011612,0.10000000149011612,0.10000000149011612
18-06-2014,0.10000000149011612,0.10000000149011612,0,0.10000000149011612,0.10000000149011612,0.10000000149011612
19-06-2014,0.10000000149011612,0.10000000149011612,0,0.10000000149011612,0.10000000149011612,0.10000000149011612
20-06-2014,0.10000000149011612,0.10000000149011612,0,0.10000000149011612,0.10000000149011612,0.10000000149011612
23-06-2014,0.10000000149011612,0.10000000149011612,0,0.10000000149011612,0.10000000149011612,0.10000000149011612
24-06-2014,0.10000000149011612,0.10000000149011612,0,0.10000000149011612,0.10000000149011612,0.10000000149011612
25-06-2014,0.10000000149011612,0.10000000149011612,0,0.10000000149011612,0.10000000149011612,0.10000000149011612
26-06-2014,0.10000000149011612,0.10000000149011612,0,0.10000000149011612,0.10000000149011612,0.10000000149011612
27-06-2014,0.10000000149011612,0.10000000149011612,0,0.10000000149011612,0.10000000149011612,0.10000000149011612
30-06-2014,0.10000000149011612,0.10000000149011612,0,0.10000000149011612,0.10000000149011612,0.10000000149011612
01-07-2014,0.10000000149011612,0.10000000149011612,0,0.10000000149011612,0.10000000149011612,0.10000000149011612
02-07-2014,0.10000000149011612,0.10000000149011612,0,0.10000000149011612,0.10000000149011612,0.10000000149011612
03-07-2014,0.10000000149011612,0.10000000149011612,0,0.10000000149011612,0.10000000149011612,0.10000000149011612
07-07-2014,0.10000000149011612,0.10000000149011612,0,0.10000000149011612,0.10000000149011612,0.10000000149011612
08-07-2014,0.10000000149011612,0.10000000149011612,0,0.10000000149011612,0.10000000149011612,0.10000000149011612
09-07-2014,0.10000000149011612,0.10000000149011612,0,0.10000000149011612,0.10000000149011612,0.10000000149011612
10-07-2014,0.10000000149011612,0.10000000149011612,0,0.10000000149011612,0.10000000149011612,0.10000000149011612
11-07-2014,0.10000000149011612,0.10000000149011612,0,0.10000000149011612,0.10000000149011612,0.10000000149011612
14-07-2014,0.10000000149011612,0.10000000149011612,0,0.10000000149011612,0.10000000149011612,0.10000000149011612
15-07-2014,0.10000000149011612,0.10000000149011612,0,0.10000000149011612,0.10000000149011612,0.10000000149011612
16-07-2014,0.10000000149011612,0.10000000149011612,0,0.10000000149011612,0.10000000149011612,0.10000000149011612
17-07-2014,0.10000000149011612,0.10000000149011612,0,0.10000000149011612,0.10000000149011612,0.10000000149011612
18-07-2014,0.10000000149011612,0.10000000149011612,0,0.10000000149011612,0.10000000149011612,0.10000000149011612
21-07-2014,0.10000000149011612,0.10000000149011612,0,0.10000000149011612,0.10000000149011612,0.10000000149011612
22-07-2014,0.10000000149011612,0.10000000149011612,0,0.10000000149011612,0.10000000149011612,0.10000000149011612
23-07-2014,0.10000000149011612,0.10000000149011612,0,0.10000000149011612,0.10000000149011612,0.10000000149011612
24-07-2014,0.10000000149011612,0.10000000149011612,0,0.10000000149011612,0.10000000149011612,0.10000000149011612
25-07-2014,0.10000000149011612,0.10000000149011612,0,0.10000000149011612,0.10000000149011612,0.10000000149011612
28-07-2014,0.10000000149011612,0.10000000149011612,0,0.10000000149011612,0.10000000149011612,0.10000000149011612
29-07-2014,0.10000000149011612,0.10000000149011612,0,0.10000000149011612,0.10000000149011612,0.10000000149011612
30-07-2014,0.10000000149011612,0.10000000149011612,0,0.10000000149011612,0.10000000149011612,0.10000000149011612
31-07-2014,0.10000000149011612,0.10000000149011612,0,0.10000000149011612,0.10000000149011612,0.10000000149011612
01-08-2014,0.10000000149011612,0.10000000149011612,0,0.10000000149011612,0.10000000149011612,0.10000000149011612
04-08-2014,0.10000000149011612,0.10000000149011612,0,0.10000000149011612,0.10000000149011612,0.10000000149011612
05-08-2014,0.10000000149011612,0.10000000149011612,0,0.10000000149011612,0.10000000149011612,0.10000000149011612
06-08-2014,0.10000000149011612,0.10000000149011612,0,0.10000000149011612,0.10000000149011612,0.10000000149011612
07-08-2014,0.10000000149011612,0.10000000149011612,0,0.10000000149011612,0.10000000149011612,0.10000000149011612
08-08-2014,0.10000000149011612,0.10000000149011612,0,0.10000000149011612,0.10000000149011612,0.10000000149011612
11-08-2014,0.10000000149011612,0.10000000149011612,0,0.10000000149011612,0.10000000149011612,0.10000000149011612
12-08-2014,0.10000000149011612,0.10000000149011612,0,0.10000000149011612,0.10000000149011612,0.10000000149011612
13-08-2014,0.10000000149011612,0.10000000149011612,0,0.10000000149011612,0.10000000149011612,0.10000000149011612
14-08-2014,0.10000000149011612,0.10000000149011612,0,0.10000000149011612,0.10000000149011612,0.10000000149011612
15-08-2014,0.10000000149011612,0.10000000149011612,0,0.10000000149011612,0.10000000149011612,0.10000000149011612
18-08-2014,0.10000000149011612,0.10000000149011612,0,0.10000000149011612,0.10000000149011612,0.10000000149011612
19-08-2014,0.10000000149011612,0.10000000149011612,0,0.10000000149011612,0.10000000149011612,0.10000000149011612
20-08-2014,0.10000000149011612,0.10000000149011612,0,0.10000000149011612,0.10000000149011612,0.10000000149011612
21-08-2014,0.10000000149011612,0.10000000149011612,0,0.10000000149011612,0.10000000149011612,0.10000000149011612
22-08-2014,0.10000000149011612,0.10000000149011612,0,0.10000000149011612,0.10000000149011612,0.10000000149011612
25-08-2014,0.10000000149011612,0.10000000149011612,0,0.10000000149011612,0.10000000149011612,0.10000000149011612
26-08-2014,0.10000000149011612,0.10000000149011612,0,0.10000000149011612,0.10000000149011612,0.10000000149011612
27-08-2014,0.10000000149011612,0.10000000149011612,0,0.10000000149011612,0.10000000149011612,0.10000000149011612
28-08-2014,0.10000000149011612,0.10000000149011612,0,0.10000000149011612,0.10000000149011612,0.10000000149011612
29-08-2014,0.10000000149011612,0.10000000149011612,0,0.10000000149011612,0.10000000149011612,0.10000000149011612
02-09-2014,0.10000000149011612,0.10000000149011612,0,0.10000000149011612,0.10000000149011612,0.10000000149011612
03-09-2014,0.10000000149011612,0.10000000149011612,0,0.10000000149011612,0.10000000149011612,0.10000000149011612
04-09-2014,0.10000000149011612,0.10000000149011612,0,0.10000000149011612,0.10000000149011612,0.10000000149011612
05-09-2014,0.10000000149011612,0.10000000149011612,0,0.10000000149011612,0.10000000149011612,0.10000000149011612
08-09-2014,0.10000000149011612,0.10000000149011612,0,0.10000000149011612,0.10000000149011612,0.10000000149011612
09-09-2014,0.10000000149011612,0.10000000149011612,0,0.10000000149011612,0.10000000149011612,0.10000000149011612
10-09-2014,0.10000000149011612,0.10000000149011612,0,0.10000000149011612,0.10000000149011612,0.10000000149011612
11-09-2014,0.10000000149011612,0.10000000149011612,0,0.10000000149011612,0.10000000149011612,0.10000000149011612
12-09-2014,0.10000000149011612,0.10000000149011612,0,0.10000000149011612,0.10000000149011612,0.10000000149011612
15-09-2014,0.10000000149011612,0.10000000149011612,0,0.10000000149011612,0.10000000149011612,0.10000000149011612
16-09-2014,0.10000000149011612,0.10000000149011612,0,0.10000000149011612,0.10000000149011612,0.10000000149011612
17-09-2014,0.10000000149011612,0.10000000149011612,0,0.10000000149011612,0.10000000149011612,0.10000000149011612
18-09-2014,0.10000000149011612,0.10000000149011612,0,0.10000000149011612,0.10000000149011612,0.10000000149011612
19-09-2014,0.10000000149011612,0.10000000149011612,0,0.10000000149011612,0.10000000149011612,0.10000000149011612
22-09-2014,0.10000000149011612,0.10000000149011612,0,0.10000000149011612,0.10000000149011612,0.10000000149011612
23-09-2014,0.10000000149011612,0.10000000149011612,0,0.10000000149011612,0.10000000149011612,0.10000000149011612
24-09-2014,0.10000000149011612,0.10000000149011612,0,0.10000000149011612,0.10000000149011612,0.10000000149011612
25-09-2014,0.10000000149011612,0.10000000149011612,0,0.10000000149011612,0.10000000149011612,0.10000000149011612
26-09-2014,0.10000000149011612,0.10000000149011612,0,0.10000000149011612,0.10000000149011612,0.10000000149011612
29-09-2014,0.10000000149011612,0.10000000149011612,0,0.10000000149011612,0.10000000149011612,0.10000000149011612
30-09-2014,0.10000000149011612,0.10000000149011612,0,0.10000000149011612,0.10000000149011612,0.10000000149011612
01-10-2014,0.10000000149011612,0.10000000149011612,0,0.10000000149011612,0.10000000149011612,0.10000000149011612
02-10-2014,0.10000000149011612,0.10000000149011612,0,0.10000000149011612,0.10000000149011612,0.10000000149011612
03-10-2014,0.10000000149011612,0.10000000149011612,0,0.10000000149011612,0.10000000149011612,0.10000000149011612
06-10-2014,0.10000000149011612,0.10000000149011612,0,0.10000000149011612,0.10000000149011612,0.10000000149011612
07-10-2014,0.10000000149011612,0.10000000149011612,0,0.10000000149011612,0.10000000149011612,0.10000000149011612
08-10-2014,0.10000000149011612,0.10000000149011612,0,0.10000000149011612,0.10000000149011612,0.10000000149011612
09-10-2014,0.10000000149011612,0.10000000149011612,0,0.10000000149011612,0.10000000149011612,0.10000000149011612
10-10-2014,0.10000000149011612,0.10000000149011612,0,0.10000000149011612,0.10000000149011612,0.10000000149011612
13-10-2014,0.10000000149011612,0.10000000149011612,0,0.10000000149011612,0.10000000149011612,0.10000000149011612
14-10-2014,0.10000000149011612,0.10000000149011612,0,0.10000000149011612,0.10000000149011612,0.10000000149011612
15-10-2014,0.10000000149011612,0.10000000149011612,0,0.10000000149011612,0.10000000149011612,0.10000000149011612
16-10-2014,0.10000000149011612,0.10000000149011612,0,0.10000000149011612,0.10000000149011612,0.10000000149011612
17-10-2014,0.10000000149011612,0.10000000149011612,0,0.10000000149011612,0.10000000149011612,0.10000000149011612
20-10-2014,0.10000000149011612,0.10000000149011612,0,0.10000000149011612,0.10000000149011612,0.10000000149011612
21-10-2014,0.10000000149011612,0.10000000149011612,0,0.10000000149011612,0.10000000149011612,0.10000000149011612
22-10-2014,0.10000000149011612,0.10000000149011612,0,0.10000000149011612,0.10000000149011612,0.10000000149011612
23-10-2014,0.10000000149011612,0.10000000149011612,0,0.10000000149011612,0.10000000149011612,0.10000000149011612
24-10-2014,0.10000000149011612,0.10000000149011612,0,0.10000000149011612,0.10000000149011612,0.10000000149011612
27-10-2014,0.10000000149011612,0.10000000149011612,0,0.10000000149011612,0.10000000149011612,0.10000000149011612
28-10-2014,0.10000000149011612,0.10000000149011612,0,0.10000000149011612,0.10000000149011612,0.10000000149011612
29-10-2014,0.10000000149011612,0.10000000149011612,0,0.10000000149011612,0.10000000149011612,0.10000000149011612
30-10-2014,0.10000000149011612,0.10000000149011612,0,0.10000000149011612,0.10000000149011612,0.10000000149011612
31-10-2014,0.10000000149011612,0.10000000149011612,0,0.10000000149011612,0.10000000149011612,0.10000000149011612
03-11-2014,0.10000000149011612,0.10000000149011612,0,0.10000000149011612,0.10000000149011612,0.10000000149011612
04-11-2014,0.10000000149011612,0.10000000149011612,0,0.10000000149011612,0.10000000149011612,0.10000000149011612
05-11-2014,0.10000000149011612,0.10000000149011612,0,0.10000000149011612,0.10000000149011612,0.10000000149011612
06-11-2014,0.10000000149011612,0.10000000149011612,0,0.10000000149011612,0.10000000149011612,0.10000000149011612
07-11-2014,0.10000000149011612,0.10000000149011612,0,0.10000000149011612,0.10000000149011612,0.10000000149011612
10-11-2014,0.10000000149011612,0.10000000149011612,0,0.10000000149011612,0.10000000149011612,0.10000000149011612
11-11-2014,0.10000000149011612,0.10000000149011612,0,0.10000000149011612,0.10000000149011612,0.10000000149011612
12-11-2014,0.10000000149011612,0.10000000149011612,0,0.10000000149011612,0.10000000149011612,0.10000000149011612
13-11-2014,0.10000000149011612,0.10000000149011612,0,0.10000000149011612,0.10000000149011612,0.10000000149011612
14-11-2014,0.10000000149011612,0.10000000149011612,0,0.10000000149011612,0.10000000149011612,0.10000000149011612
17-11-2014,0.10000000149011612,0.10000000149011612,0,0.10000000149011612,0.10000000149011612,0.10000000149011612
18-11-2014,0.10000000149011612,0.10000000149011612,0,0.10000000149011612,0.10000000149011612,0.10000000149011612
19-11-2014,0.10000000149011612,0.10000000149011612,0,0.10000000149011612,0.10000000149011612,0.10000000149011612
20-11-2014,0.10000000149011612,0.10000000149011612,0,0.10000000149011612,0.10000000149011612,0.10000000149011612
21-11-2014,0.10000000149011612,0.10000000149011612,0,0.10000000149011612,0.10000000149011612,0.10000000149011612
24-11-2014,0.10000000149011612,0.10000000149011612,0,0.10000000149011612,0.10000000149011612,0.10000000149011612
25-11-2014,0.10000000149011612,0.10000000149011612,0,0.10000000149011612,0.10000000149011612,0.10000000149011612
26-11-2014,0.10000000149011612,0.10000000149011612,0,0.10000000149011612,0.10000000149011612,0.10000000149011612
28-11-2014,0.10000000149011612,0.10000000149011612,0,0.10000000149011612,0.10000000149011612,0.10000000149011612
01-12-2014,0.10000000149011612,0.10000000149011612,0,0.10000000149011612,0.10000000149011612,0.10000000149011612
02-12-2014,0.10000000149011612,0.10000000149011612,0,0.10000000149011612,0.10000000149011612,0.10000000149011612
03-12-2014,0.10000000149011612,0.10000000149011612,0,0.10000000149011612,0.10000000149011612,0.10000000149011612
04-12-2014,0.10000000149011612,0.10000000149011612,0,0.10000000149011612,0.10000000149011612,0.10000000149011612
05-12-2014,0.10000000149011612,0.10000000149011612,0,0.10000000149011612,0.10000000149011612,0.10000000149011612
08-12-2014,0.10000000149011612,0.10000000149011612,0,0.10000000149011612,0.10000000149011612,0.10000000149011612
09-12-2014,0.10000000149011612,0.10000000149011612,0,0.10000000149011612,0.10000000149011612,0.10000000149011612
10-12-2014,0.10000000149011612,0.10000000149011612,0,0.10000000149011612,0.10000000149011612,0.10000000149011612
11-12-2014,0.10000000149011612,0.10000000149011612,0,0.10000000149011612,0.10000000149011612,0.10000000149011612
12-12-2014,0.10000000149011612,0.10000000149011612,0,0.10000000149011612,0.10000000149011612,0.10000000149011612
15-12-2014,0.10000000149011612,0.10000000149011612,0,0.10000000149011612,0.10000000149011612,0.10000000149011612
16-12-2014,0.10000000149011612,0.10000000149011612,0,0.10000000149011612,0.10000000149011612,0.10000000149011612
17-12-2014,0.10000000149011612,0.10000000149011612,0,0.10000000149011612,0.10000000149011612,0.10000000149011612
18-12-2014,0.10000000149011612,0.10000000149011612,0,0.10000000149011612,0.10000000149011612,0.10000000149011612
19-12-2014,0.10000000149011612,0.10000000149011612,0,0.10000000149011612,0.10000000149011612,0.10000000149011612
22-12-2014,0.10000000149011612,0.10000000149011612,0,0.10000000149011612,0.10000000149011612,0.10000000149011612
23-12-2014,0.10000000149011612,0.10000000149011612,0,0.10000000149011612,0.10000000149011612,0.10000000149011612
24-12-2014,0.10000000149011612,0.10000000149011612,0,0.10000000149011612,0.10000000149011612,0.10000000149011612
26-12-2014,0.10000000149011612,0.10000000149011612,0,0.10000000149011612,0.10000000149011612,0.10000000149011612
29-12-2014,0.10000000149011612,0.10000000149011612,0,0.10000000149011612,0.10000000149011612,0.10000000149011612
30-12-2014,0.10000000149011612,0.10000000149011612,0,0.10000000149011612,0.10000000149011612,0.10000000149011612
31-12-2014,0.10000000149011612,0.10000000149011612,0,0.10000000149011612,0.10000000149011612,0.10000000149011612
02-01-2015,0.10000000149011612,0.10000000149011612,0,0.10000000149011612,0.10000000149011612,0.10000000149011612
05-01-2015,0.10000000149011612,0.10000000149011612,0,0.10000000149011612,0.10000000149011612,0.10000000149011612
06-01-2015,0.10000000149011612,0.10000000149011612,0,0.10000000149011612,0.10000000149011612,0.10000000149011612
07-01-2015,0.10000000149011612,0.10000000149011612,0,0.10000000149011612,0.10000000149011612,0.10000000149011612
08-01-2015,0.10000000149011612,0.10000000149011612,0,0.10000000149011612,0.10000000149011612,0.10000000149011612
09-01-2015,0.10000000149011612,0.10000000149011612,0,0.10000000149011612,0.10000000149011612,0.10000000149011612
12-01-2015,0.10000000149011612,0.10000000149011612,0,0.10000000149011612,0.10000000149011612,0.10000000149011612
13-01-2015,0.10000000149011612,0.10000000149011612,0,0.10000000149011612,0.10000000149011612,0.10000000149011612
14-01-2015,0.10000000149011612,0.10000000149011612,0,0.10000000149011612,0.10000000149011612,0.10000000149011612
15-01-2015,0.10000000149011612,0.10000000149011612,0,0.10000000149011612,0.10000000149011612,0.10000000149011612
16-01-2015,0.10000000149011612,0.10000000149011612,0,0.10000000149011612,0.10000000149011612,0.10000000149011612
20-01-2015,0.10000000149011612,0.10000000149011612,0,0.10000000149011612,0.10000000149011612,0.10000000149011612
21-01-2015,0.10000000149011612,0.10000000149011612,0,0.10000000149011612,0.10000000149011612,0.10000000149011612
22-01-2015,0.10000000149011612,0.10000000149011612,0,0.10000000149011612,0.10000000149011612,0.10000000149011612
23-01-2015,0.10000000149011612,0.10000000149011612,0,0.10000000149011612,0.10000000149011612,0.10000000149011612
26-01-2015,0.10000000149011612,0.10000000149011612,0,0.10000000149011612,0.10000000149011612,0.10000000149011612
27-01-2015,0.10000000149011612,0.10000000149011612,0,0.10000000149011612,0.10000000149011612,0.10000000149011612
28-01-2015,0.10000000149011612,0.10000000149011612,0,0.10000000149011612,0.10000000149011612,0.10000000149011612
29-01-2015,0.10000000149011612,0.10000000149011612,0,0.10000000149011612,0.10000000149011612,0.10000000149011612
30-01-2015,0.10000000149011612,0.10000000149011612,0,0.10000000149011612,0.10000000149011612,0.10000000149011612
02-02-2015,0.10000000149011612,0.10000000149011612,0,0.10000000149011612,0.10000000149011612,0.10000000149011612
03-02-2015,0.10000000149011612,0.10000000149011612,0,0.10000000149011612,0.10000000149011612,0.10000000149011612
04-02-2015,0.10000000149011612,0.10000000149011612,0,0.10000000149011612,0.10000000149011612,0.10000000149011612
05-02-2015,0.10000000149011612,0.10000000149011612,0,0.10000000149011612,0.10000000149011612,0.10000000149011612
06-02-2015,0.10000000149011612,0.10000000149011612,0,0.10000000149011612,0.10000000149011612,0.10000000149011612
09-02-2015,0.10000000149011612,0.10000000149011612,0,0.10000000149011612,0.10000000149011612,0.10000000149011612
10-02-2015,0.10000000149011612,0.10000000149011612,0,0.10000000149011612,0.10000000149011612,0.10000000149011612
11-02-2015,0.10000000149011612,0.10000000149011612,0,0.10000000149011612,0.10000000149011612,0.10000000149011612
12-02-2015,0.10000000149011612,0.10000000149011612,0,0.10000000149011612,0.10000000149011612,0.10000000149011612
13-02-2015,0.10000000149011612,0.10000000149011612,0,0.10000000149011612,0.10000000149011612,0.10000000149011612
17-02-2015,0.10000000149011612,0.10000000149011612,0,0.10000000149011612,0.10000000149011612,0.10000000149011612
18-02-2015,0.10000000149011612,0.10000000149011612,0,0.10000000149011612,0.10000000149011612,0.10000000149011612
19-02-2015,0.10000000149011612,0.10000000149011612,0,0.10000000149011612,0.10000000149011612,0.10000000149011612
20-02-2015,0.10000000149011612,0.10000000149011612,0,0.10000000149011612,0.10000000149011612,0.10000000149011612
23-02-2015,0.10000000149011612,0.10000000149011612,0,0.10000000149011612,0.10000000149011612,0.10000000149011612
24-02-2015,0.10000000149011612,0.10000000149011612,0,0.10000000149011612,0.10000000149011612,0.10000000149011612
25-02-2015,0.10000000149011612,0.10000000149011612,0,0.10000000149011612,0.10000000149011612,0.10000000149011612
26-02-2015,0.10000000149011612,0.10000000149011612,0,0.10000000149011612,0.10000000149011612,0.10000000149011612
27-02-2015,0.10000000149011612,0.10000000149011612,0,0.10000000149011612,0.10000000149011612,0.10000000149011612
02-03-2015,0.10000000149011612,0.10000000149011612,0,0.10000000149011612,0.10000000149011612,0.10000000149011612
03-03-2015,0.10000000149011612,0.10000000149011612,0,0.10000000149011612,0.10000000149011612,0.10000000149011612
04-03-2015,0.10000000149011612,0.10000000149011612,0,0.10000000149011612,0.10000000149011612,0.10000000149011612
05-03-2015,0.10000000149011612,0.10000000149011612,0,0.10000000149011612,0.10000000149011612,0.10000000149011612
06-03-2015,0.10000000149011612,0.10000000149011612,0,0.10000000149011612,0.10000000149011612,0.10000000149011612
09-03-2015,0.10000000149011612,0.10000000149011612,0,0.10000000149011612,0.10000000149011612,0.10000000149011612
10-03-2015,0.10000000149011612,0.10000000149011612,0,0.10000000149011612,0.10000000149011612,0.10000000149011612
11-03-2015,0.10000000149011612,0.10000000149011612,0,0.10000000149011612,0.10000000149011612,0.10000000149011612
12-03-2015,0.10000000149011612,0.10000000149011612,0,0.10000000149011612,0.10000000149011612,0.10000000149011612
13-03-2015,0.10000000149011612,0.10000000149011612,0,0.10000000149011612,0.10000000149011612,0.10000000149011612
16-03-2015,0.10000000149011612,0.10000000149011612,0,0.10000000149011612,0.10000000149011612,0.10000000149011612
17-03-2015,0.10000000149011612,0.10000000149011612,0,0.10000000149011612,0.10000000149011612,0.10000000149011612
18-03-2015,0.10000000149011612,0.10000000149011612,0,0.10000000149011612,0.10000000149011612,0.10000000149011612
19-03-2015,0.10000000149011612,0.10000000149011612,0,0.10000000149011612,0.10000000149011612,0.10000000149011612
20-03-2015,0.10000000149011612,0.10000000149011612,0,0.10000000149011612,0.10000000149011612,0.10000000149011612
23-03-2015,0.10000000149011612,0.10000000149011612,0,0.10000000149011612,0.10000000149011612,0.10000000149011612
24-03-2015,0.10000000149011612,0.10000000149011612,0,0.10000000149011612,0.10000000149011612,0.10000000149011612
25-03-2015,0.10000000149011612,0.10000000149011612,0,0.10000000149011612,0.10000000149011612,0.10000000149011612
26-03-2015,0.10000000149011612,0.10000000149011612,0,0.10000000149011612,0.10000000149011612,0.10000000149011612
27-03-2015,0.10000000149011612,0.10000000149011612,0,0.10000000149011612,0.10000000149011612,0.10000000149011612
30-03-2015,0.10000000149011612,0.10000000149011612,0,0.10000000149011612,0.10000000149011612,0.10000000149011612
31-03-2015,0.10000000149011612,0.10000000149011612,0,0.10000000149011612,0.10000000149011612,0.10000000149011612
01-04-2015,0.10000000149011612,0.10000000149011612,0,0.10000000149011612,0.10000000149011612,0.10000000149011612
02-04-2015,0.10000000149011612,0.10000000149011612,0,0.10000000149011612,0.10000000149011612,0.10000000149011612
06-04-2015,0.10000000149011612,0.10000000149011612,0,0.10000000149011612,0.10000000149011612,0.10000000149011612
07-04-2015,0.10000000149011612,0.10000000149011612,0,0.10000000149011612,0.10000000149011612,0.10000000149011612
08-04-2015,0.10000000149011612,0.10000000149011612,0,0.10000000149011612,0.10000000149011612,0.10000000149011612
09-04-2015,0.10000000149011612,0.10000000149011612,0,0.10000000149011612,0.10000000149011612,0.10000000149011612
10-04-2015,0.10000000149011612,0.10000000149011612,0,0.10000000149011612,0.10000000149011612,0.10000000149011612
13-04-2015,0.10000000149011612,0.10000000149011612,0,0.10000000149011612,0.10000000149011612,0.10000000149011612
14-04-2015,0.10000000149011612,0.10000000149011612,0,0.10000000149011612,0.10000000149011612,0.10000000149011612
15-04-2015,0.10000000149011612,0.10000000149011612,0,0.10000000149011612,0.10000000149011612,0.10000000149011612
16-04-2015,0.10000000149011612,0.10000000149011612,0,0.10000000149011612,0.10000000149011612,0.10000000149011612
17-04-2015,0.10000000149011612,0.10000000149011612,0,0.10000000149011612,0.10000000149011612,0.10000000149011612
20-04-2015,0.10000000149011612,0.10000000149011612,0,0.10000000149011612,0.10000000149011612,0.10000000149011612
21-04-2015,0.10000000149011612,0.10000000149011612,0,0.10000000149011612,0.10000000149011612,0.10000000149011612
22-04-2015,0.10000000149011612,0.10000000149011612,0,0.10000000149011612,0.10000000149011612,0.10000000149011612
23-04-2015,0.10000000149011612,0.10000000149011612,0,0.10000000149011612,0.10000000149011612,0.10000000149011612
24-04-2015,0.10000000149011612,0.10000000149011612,0,0.10000000149011612,0.10000000149011612,0.10000000149011612
27-04-2015,0.10000000149011612,0.10000000149011612,0,0.10000000149011612,0.10000000149011612,0.10000000149011612
28-04-2015,0.10000000149011612,0.10000000149011612,0,0.10000000149011612,0.10000000149011612,0.10000000149011612
29-04-2015,0.10000000149011612,0.10000000149011612,0,0.10000000149011612,0.10000000149011612,0.10000000149011612
30-04-2015,0.10000000149011612,0.10000000149011612,0,0.10000000149011612,0.10000000149011612,0.10000000149011612
01-05-2015,0.10000000149011612,0.10000000149011612,0,0.10000000149011612,0.10000000149011612,0.10000000149011612
04-05-2015,0.10000000149011612,0.10000000149011612,0,0.10000000149011612,0.10000000149011612,0.10000000149011612
05-05-2015,0.10000000149011612,0.10000000149011612,0,0.10000000149011612,0.10000000149011612,0.10000000149011612
06-05-2015,0.10000000149011612,0.10000000149011612,0,0.10000000149011612,0.10000000149011612,0.10000000149011612
07-05-2015,0.10000000149011612,0.10000000149011612,0,0.10000000149011612,0.10000000149011612,0.10000000149011612
08-05-2015,0.10000000149011612,0.10000000149011612,0,0.10000000149011612,0.10000000149011612,0.10000000149011612
11-05-2015,0.10000000149011612,0.10000000149011612,0,0.10000000149011612,0.10000000149011612,0.10000000149011612
12-05-2015,0.10000000149011612,0.10000000149011612,0,0.10000000149011612,0.10000000149011612,0.10000000149011612
13-05-2015,0.10000000149011612,0.10000000149011612,0,0.10000000149011612,0.10000000149011612,0.10000000149011612
14-05-2015,0.10000000149011612,0.10000000149011612,0,0.10000000149011612,0.10000000149011612,0.10000000149011612
15-05-2015,0.10000000149011612,0.10000000149011612,0,0.10000000149011612,0.10000000149011612,0.10000000149011612
18-05-2015,0.10000000149011612,0.10000000149011612,0,0.10000000149011612,0.10000000149011612,0.10000000149011612
19-05-2015,0.10000000149011612,0.10000000149011612,0,0.10000000149011612,0.10000000149011612,0.10000000149011612
20-05-2015,0.10000000149011612,0.10000000149011612,0,0.10000000149011612,0.10000000149011612,0.10000000149011612
21-05-2015,0.10000000149011612,0.10000000149011612,0,0.10000000149011612,0.10000000149011612,0.10000000149011612
22-05-2015,0.10000000149011612,0.10000000149011612,0,0.10000000149011612,0.10000000149011612,0.10000000149011612
26-05-2015,0.10000000149011612,0.10000000149011612,0,0.10000000149011612,0.10000000149011612,0.10000000149011612
27-05-2015,0.10000000149011612,0.10000000149011612,0,0.10000000149011612,0.10000000149011612,0.10000000149011612
28-05-2015,0.10000000149011612,0.10000000149011612,0,0.10000000149011612,0.10000000149011612,0.10000000149011612
29-05-2015,0.10000000149011612,0.10000000149011612,0,0.10000000149011612,0.10000000149011612,0.10000000149011612
01-06-2015,0.10000000149011612,0.10000000149011612,0,0.10000000149011612,0.10000000149011612,0.10000000149011612
02-06-2015,0.10000000149011612,0.10000000149011612,0,0.10000000149011612,0.10000000149011612,0.10000000149011612
03-06-2015,0.10000000149011612,0.10000000149011612,0,0.10000000149011612,0.10000000149011612,0.10000000149011612
04-06-2015,0.10000000149011612,0.10000000149011612,0,0.10000000149011612,0.10000000149011612,0.10000000149011612
05-06-2015,0.10000000149011612,0.10000000149011612,0,0.10000000149011612,0.10000000149011612,0.10000000149011612
08-06-2015,0.10000000149011612,0.10000000149011612,0,0.10000000149011612,0.10000000149011612,0.10000000149011612
09-06-2015,0.10000000149011612,0.10000000149011612,0,0.10000000149011612,0.10000000149011612,0.10000000149011612
10-06-2015,0.10000000149011612,0.10000000149011612,0,0.10000000149011612,0.10000000149011612,0.10000000149011612
11-06-2015,0.10000000149011612,0.10000000149011612,0,0.10000000149011612,0.10000000149011612,0.10000000149011612
12-06-2015,0.10000000149011612,0.10000000149011612,0,0.10000000149011612,0.10000000149011612,0.10000000149011612
15-06-2015,0.10000000149011612,0.10000000149011612,0,0.10000000149011612,0.10000000149011612,0.10000000149011612
16-06-2015,0.10000000149011612,0.10000000149011612,0,0.10000000149011612,0.10000000149011612,0.10000000149011612
17-06-2015,0.10000000149011612,0.10000000149011612,0,0.10000000149011612,0.10000000149011612,0.10000000149011612
18-06-2015,0.10000000149011612,0.10000000149011612,0,0.10000000149011612,0.10000000149011612,0.10000000149011612
19-06-2015,0.10000000149011612,0.10000000149011612,0,0.10000000149011612,0.10000000149011612,0.10000000149011612
22-06-2015,0.10000000149011612,0.10000000149011612,0,0.10000000149011612,0.10000000149011612,0.10000000149011612
23-06-2015,0.10000000149011612,0.10000000149011612,0,0.10000000149011612,0.10000000149011612,0.10000000149011612
24-06-2015,0.10000000149011612,0.10000000149011612,0,0.10000000149011612,0.10000000149011612,0.10000000149011612
25-06-2015,0.10000000149011612,0.10000000149011612,0,0.10000000149011612,0.10000000149011612,0.10000000149011612
26-06-2015,0.10000000149011612,0.10000000149011612,0,0.10000000149011612,0.10000000149011612,0.10000000149011612
29-06-2015,0.10000000149011612,0.10000000149011612,0,0.10000000149011612,0.10000000149011612,0.10000000149011612
30-06-2015,0.10000000149011612,0.10000000149011612,0,0.10000000149011612,0.10000000149011612,0.10000000149011612
01-07-2015,0.10000000149011612,0.10000000149011612,0,0.10000000149011612,0.10000000149011612,0.10000000149011612
02-07-2015,0.10000000149011612,0.10000000149011612,0,0.10000000149011612,0.10000000149011612,0.10000000149011612
06-07-2015,0.10000000149011612,0.10000000149011612,0,0.10000000149011612,0.10000000149011612,0.10000000149011612
07-07-2015,0.10000000149011612,0.10000000149011612,0,0.10000000149011612,0.10000000149011612,0.10000000149011612
08-07-2015,0.10000000149011612,0.10000000149011612,0,0.10000000149011612,0.10000000149011612,0.10000000149011612
09-07-2015,0.10000000149011612,0.10000000149011612,0,0.10000000149011612,0.10000000149011612,0.10000000149011612
10-07-2015,0.10000000149011612,0.10000000149011612,0,0.10000000149011612,0.10000000149011612,0.10000000149011612
13-07-2015,0.10000000149011612,0.10000000149011612,0,0.10000000149011612,0.10000000149011612,0.10000000149011612
14-07-2015,0.10000000149011612,0.10000000149011612,0,0.10000000149011612,0.10000000149011612,0.10000000149011612
15-07-2015,0.10000000149011612,0.10000000149011612,0,0.10000000149011612,0.10000000149011612,0.10000000149011612
16-07-2015,0.10000000149011612,0.10000000149011612,0,0.10000000149011612,0.10000000149011612,0.10000000149011612
17-07-2015,0.10000000149011612,0.10000000149011612,0,0.10000000149011612,0.10000000149011612,0.10000000149011612
20-07-2015,0.10000000149011612,0.10000000149011612,0,0.10000000149011612,0.10000000149011612,0.10000000149011612
21-07-2015,0.10000000149011612,0.10000000149011612,0,0.10000000149011612,0.10000000149011612,0.10000000149011612
22-07-2015,0.10000000149011612,0.10000000149011612,0,0.10000000149011612,0.10000000149011612,0.10000000149011612
23-07-2015,0.10000000149011612,0.10000000149011612,0,0.10000000149011612,0.10000000149011612,0.10000000149011612
24-07-2015,0.10000000149011612,0.10000000149011612,0,0.10000000149011612,0.10000000149011612,0.10000000149011612
27-07-2015,0.10000000149011612,0.10000000149011612,0,0.10000000149011612,0.10000000149011612,0.10000000149011612
28-07-2015,0.10000000149011612,0.10000000149011612,0,0.10000000149011612,0.10000000149011612,0.10000000149011612
29-07-2015,0.10000000149011612,0.10000000149011612,0,0.10000000149011612,0.10000000149011612,0.10000000149011612
30-07-2015,0.10000000149011612,0.10000000149011612,0,0.10000000149011612,0.10000000149011612,0.10000000149011612
31-07-2015,0.10000000149011612,0.10000000149011612,0,0.10000000149011612,0.10000000149011612,0.10000000149011612
03-08-2015,0.10000000149011612,0.10000000149011612,0,0.10000000149011612,0.10000000149011612,0.10000000149011612
04-08-2015,0.10000000149011612,0.10000000149011612,0,0.10000000149011612,0.10000000149011612,0.10000000149011612
05-08-2015,0.10000000149011612,0.10000000149011612,0,0.10000000149011612,0.10000000149011612,0.10000000149011612
06-08-2015,0.10000000149011612,0.10000000149011612,0,0.10000000149011612,0.10000000149011612,0.10000000149011612
07-08-2015,0.10000000149011612,0.10000000149011612,0,0.10000000149011612,0.10000000149011612,0.10000000149011612
10-08-2015,0.10000000149011612,0.10000000149011612,0,0.10000000149011612,0.10000000149011612,0.10000000149011612
11-08-2015,0.10000000149011612,0.10000000149011612,0,0.10000000149011612,0.10000000149011612,0.10000000149011612
12-08-2015,0.10000000149011612,0.10000000149011612,0,0.10000000149011612,0.10000000149011612,0.10000000149011612
13-08-2015,0.10000000149011612,0.10000000149011612,0,0.10000000149011612,0.10000000149011612,0.10000000149011612
14-08-2015,0.10000000149011612,0.10000000149011612,0,0.10000000149011612,0.10000000149011612,0.10000000149011612
17-08-2015,0.10000000149011612,0.10000000149011612,0,0.10000000149011612,0.10000000149011612,0.10000000149011612
18-08-2015,0.10000000149011612,0.10000000149011612,0,0.10000000149011612,0.10000000149011612,0.10000000149011612
19-08-2015,0.10000000149011612,0.10000000149011612,0,0.10000000149011612,0.10000000149011612,0.10000000149011612
20-08-2015,0.10000000149011612,0.10000000149011612,0,0.10000000149011612,0.10000000149011612,0.10000000149011612
21-08-2015,0.10000000149011612,0.10000000149011612,0,0.10000000149011612,0.10000000149011612,0.10000000149011612
24-08-2015,0.10000000149011612,0.10000000149011612,0,0.10000000149011612,0.10000000149011612,0.10000000149011612
25-08-2015,0.10000000149011612,0.10000000149011612,0,0.10000000149011612,0.10000000149011612,0.10000000149011612
26-08-2015,0.10000000149011612,0.10000000149011612,0,0.10000000149011612,0.10000000149011612,0.10000000149011612
27-08-2015,0.10000000149011612,0.10000000149011612,0,0.10000000149011612,0.10000000149011612,0.10000000149011612
28-08-2015,0.10000000149011612,0.10000000149011612,0,0.10000000149011612,0.10000000149011612,0.10000000149011612
31-08-2015,0.10000000149011612,0.10000000149011612,0,0.10000000149011612,0.10000000149011612,0.10000000149011612
01-09-2015,0.10000000149011612,0.10000000149011612,0,0.10000000149011612,0.10000000149011612,0.10000000149011612
02-09-2015,0.10000000149011612,0.10000000149011612,0,0.10000000149011612,0.10000000149011612,0.10000000149011612
03-09-2015,0.10000000149011612,0.10000000149011612,0,0.10000000149011612,0.10000000149011612,0.10000000149011612
04-09-2015,0.10000000149011612,0.10000000149011612,0,0.10000000149011612,0.10000000149011612,0.10000000149011612
08-09-2015,0.10000000149011612,0.10000000149011612,0,0.10000000149011612,0.10000000149011612,0.10000000149011612
09-09-2015,0.10000000149011612,0.10000000149011612,0,0.10000000149011612,0.10000000149011612,0.10000000149011612
10-09-2015,0.10000000149011612,0.10000000149011612,0,0.10000000149011612,0.10000000149011612,0.10000000149011612
11-09-2015,0.10000000149011612,0.10000000149011612,0,0.10000000149011612,0.10000000149011612,0.10000000149011612
14-09-2015,0.10000000149011612,0.10000000149011612,0,0.10000000149011612,0.10000000149011612,0.10000000149011612
15-09-2015,0.10000000149011612,0.10000000149011612,0,0.10000000149011612,0.10000000149011612,0.10000000149011612
16-09-2015,0.10000000149011612,0.10000000149011612,0,0.10000000149011612,0.10000000149011612,0.10000000149011612
17-09-2015,0.10000000149011612,0.10000000149011612,0,0.10000000149011612,0.10000000149011612,0.10000000149011612
18-09-2015,0.10000000149011612,0.10000000149011612,0,0.10000000149011612,0.10000000149011612,0.10000000149011612
21-09-2015,0.10000000149011612,0.10000000149011612,0,0.10000000149011612,0.10000000149011612,0.10000000149011612
22-09-2015,0.10000000149011612,0.10000000149011612,0,0.10000000149011612,0.10000000149011612,0.10000000149011612
23-09-2015,0.10000000149011612,0.10000000149011612,0,0.10000000149011612,0.10000000149011612,0.10000000149011612
24-09-2015,0.10000000149011612,0.10000000149011612,0,0.10000000149011612,0.10000000149011612,0.10000000149011612
25-09-2015,0.10000000149011612,0.10000000149011612,0,0.10000000149011612,0.10000000149011612,0.10000000149011612
28-09-2015,0.10000000149011612,0.10000000149011612,0,0.10000000149011612,0.10000000149011612,0.10000000149011612
29-09-2015,0.10000000149011612,0.10000000149011612,0,0.10000000149011612,0.10000000149011612,0.10000000149011612
30-09-2015,0.10000000149011612,0.10000000149011612,0,0.10000000149011612,0.10000000149011612,0.10000000149011612
01-10-2015,0.10000000149011612,0.10000000149011612,0,0.10000000149011612,0.10000000149011612,0.10000000149011612
02-10-2015,0.10000000149011612,0.10000000149011612,0,0.10000000149011612,0.10000000149011612,0.10000000149011612
05-10-2015,0.10000000149011612,0.10000000149011612,0,0.10000000149011612,0.10000000149011612,0.10000000149011612
06-10-2015,0.10000000149011612,0.10000000149011612,0,0.10000000149011612,0.10000000149011612,0.10000000149011612
07-10-2015,0.10000000149011612,0.10000000149011612,0,0.10000000149011612,0.10000000149011612,0.10000000149011612
08-10-2015,0.10000000149011612,0.10000000149011612,0,0.10000000149011612,0.10000000149011612,0.10000000149011612
09-10-2015,0.10000000149011612,0.10000000149011612,0,0.10000000149011612,0.10000000149011612,0.10000000149011612
12-10-2015,0.10000000149011612,0.10000000149011612,0,0.10000000149011612,0.10000000149011612,0.10000000149011612
13-10-2015,0.0024999999441206455,0.0024999999441206455,11796,0.0024999999441206455,0.0024999999441206455,0.0024999999441206455
14-10-2015,0.0024999999441206455,0.0024999999441206455,0,0.0024999999441206455,0.0024999999441206455,0.0024999999441206455
15-10-2015,0.0024999999441206455,0.0024999999441206455,0,0.0024999999441206455,0.0024999999441206455,0.0024999999441206455
16-10-2015,0.0024999999441206455,0.0024999999441206455,0,0.0024999999441206455,0.0024999999441206455,0.0024999999441206455
19-10-2015,0.0024999999441206455,0.0024999999441206455,0,0.0024999999441206455,0.0024999999441206455,0.0024999999441206455
20-10-2015,0.0024999999441206455,0.0024999999441206455,0,0.0024999999441206455,0.0024999999441206455,0.0024999999441206455
21-10-2015,0.0024999999441206455,0.0024999999441206455,0,0.0024999999441206455,0.0024999999441206455,0.0024999999441206455
22-10-2015,0.0024999999441206455,0.0024999999441206455,0,0.0024999999441206455,0.0024999999441206455,0.0024999999441206455
23-10-2015,0.0024999999441206455,0.0024999999441206455,0,0.0024999999441206455,0.0024999999441206455,0.0024999999441206455
26-10-2015,0.0024999999441206455,0.0024999999441206455,0,0.0024999999441206455,0.0024999999441206455,0.0024999999441206455
27-10-2015,0.0024999999441206455,0.0024999999441206455,0,0.0024999999441206455,0.0024999999441206455,0.0024999999441206455
28-10-2015,0.0024999999441206455,0.0024999999441206455,0,0.0024999999441206455,0.0024999999441206455,0.0024999999441206455
29-10-2015,0.0024999999441206455,0.0024999999441206455,0,0.0024999999441206455,0.0024999999441206455,0.0024999999441206455
30-10-2015,0.0024999999441206455,0.0024999999441206455,0,0.0024999999441206455,0.0024999999441206455,0.0024999999441206455
02-11-2015,0.0024999999441206455,0.0024999999441206455,0,0.0024999999441206455,0.0024999999441206455,0.0024999999441206455
03-11-2015,0.0024999999441206455,0.0024999999441206455,0,0.0024999999441206455,0.0024999999441206455,0.0024999999441206455
04-11-2015,0.0024999999441206455,0.0024999999441206455,0,0.0024999999441206455,0.0024999999441206455,0.0024999999441206455
05-11-2015,0.0024999999441206455,0.0024999999441206455,0,0.0024999999441206455,0.0024999999441206455,0.0024999999441206455
06-11-2015,0.0024999999441206455,0.0024999999441206455,0,0.0024999999441206455,0.0024999999441206455,0.0024999999441206455
09-11-2015,0.0024999999441206455,0.0024999999441206455,0,0.0024999999441206455,0.0024999999441206455,0.0024999999441206455
10-11-2015,0.0024999999441206455,0.0024999999441206455,0,0.0024999999441206455,0.0024999999441206455,0.0024999999441206455
11-11-2015,0.0024999999441206455,0.0024999999441206455,0,0.0024999999441206455,0.0024999999441206455,0.0024999999441206455
12-11-2015,0.0024999999441206455,0.0024999999441206455,0,0.0024999999441206455,0.0024999999441206455,0.0024999999441206455
13-11-2015,0.0024999999441206455,0.0024999999441206455,0,0.0024999999441206455,0.0024999999441206455,0.0024999999441206455
16-11-2015,0.0024999999441206455,0.0024999999441206455,0,0.0024999999441206455,0.0024999999441206455,0.0024999999441206455
17-11-2015,0.0024999999441206455,0.0024999999441206455,0,0.0024999999441206455,0.0024999999441206455,0.0024999999441206455
18-11-2015,0.0024999999441206455,0.0024999999441206455,0,0.0024999999441206455,0.0024999999441206455,0.0024999999441206455
19-11-2015,0.0024999999441206455,0.0024999999441206455,0,0.0024999999441206455,0.0024999999441206455,0.0024999999441206455
20-11-2015,0.0024999999441206455,0.0024999999441206455,0,0.0024999999441206455,0.0024999999441206455,0.0024999999441206455
23-11-2015,0.0024999999441206455,0.0024999999441206455,0,0.0024999999441206455,0.0024999999441206455,0.0024999999441206455
24-11-2015,0.0024999999441206455,0.0024999999441206455,0,0.0024999999441206455,0.0024999999441206455,0.0024999999441206455
25-11-2015,0.0024999999441206455,0.0024999999441206455,0,0.0024999999441206455,0.0024999999441206455,0.0024999999441206455
27-11-2015,0.0024999999441206455,0.0024999999441206455,0,0.0024999999441206455,0.0024999999441206455,0.0024999999441206455
30-11-2015,0.0024999999441206455,0.0024999999441206455,0,0.0024999999441206455,0.0024999999441206455,0.0024999999441206455
01-12-2015,0.0024999999441206455,0.0024999999441206455,0,0.0024999999441206455,0.0024999999441206455,0.0024999999441206455
02-12-2015,0.0024999999441206455,0.0024999999441206455,0,0.0024999999441206455,0.0024999999441206455,0.0024999999441206455
03-12-2015,0.0024999999441206455,0.0024999999441206455,0,0.0024999999441206455,0.0024999999441206455,0.0024999999441206455
04-12-2015,0.0024999999441206455,0.0024999999441206455,0,0.0024999999441206455,0.0024999999441206455,0.0024999999441206455
07-12-2015,0.0024999999441206455,0.0024999999441206455,0,0.0024999999441206455,0.0024999999441206455,0.0024999999441206455
08-12-2015,0.0024999999441206455,0.0024999999441206455,0,0.0024999999441206455,0.0024999999441206455,0.0024999999441206455
09-12-2015,0.0024999999441206455,0.0024999999441206455,0,0.0024999999441206455,0.0024999999441206455,0.0024999999441206455
10-12-2015,0.0024999999441206455,0.0024999999441206455,0,0.0024999999441206455,0.0024999999441206455,0.0024999999441206455
11-12-2015,0.0024999999441206455,0.0024999999441206455,0,0.0024999999441206455,0.0024999999441206455,0.0024999999441206455
14-12-2015,0.0024999999441206455,0.0024999999441206455,0,0.0024999999441206455,0.0024999999441206455,0.0024999999441206455
15-12-2015,0.0024999999441206455,0.0024999999441206455,0,0.0024999999441206455,0.0024999999441206455,0.0024999999441206455
16-12-2015,0.0024999999441206455,0.0024999999441206455,0,0.0024999999441206455,0.0024999999441206455,0.0024999999441206455
17-12-2015,0.0024999999441206455,0.0024999999441206455,0,0.0024999999441206455,0.0024999999441206455,0.0024999999441206455
18-12-2015,0.0024999999441206455,0.0024999999441206455,0,0.0024999999441206455,0.0024999999441206455,0.0024999999441206455
21-12-2015,0.0024999999441206455,0.0024999999441206455,0,0.0024999999441206455,0.0024999999441206455,0.0024999999441206455
22-12-2015,0.0024999999441206455,0.0024999999441206455,0,0.0024999999441206455,0.0024999999441206455,0.0024999999441206455
23-12-2015,0.0024999999441206455,0.0024999999441206455,0,0.0024999999441206455,0.0024999999441206455,0.0024999999441206455
24-12-2015,0.0024999999441206455,0.0024999999441206455,0,0.0024999999441206455,0.0024999999441206455,0.0024999999441206455
28-12-2015,0.0024999999441206455,0.0024999999441206455,0,0.0024999999441206455,0.0024999999441206455,0.0024999999441206455
29-12-2015,0.0024999999441206455,0.0024999999441206455,0,0.0024999999441206455,0.0024999999441206455,0.0024999999441206455
30-12-2015,0.0024999999441206455,0.0024999999441206455,0,0.0024999999441206455,0.0024999999441206455,0.0024999999441206455
31-12-2015,0.0024999999441206455,0.0024999999441206455,0,0.0024999999441206455,0.0024999999441206455,0.0024999999441206455
04-01-2016,0.0024999999441206455,0.0024999999441206455,0,0.0024999999441206455,0.0024999999441206455,0.0024999999441206455
05-01-2016,0.0024999999441206455,0.0024999999441206455,0,0.0024999999441206455,0.0024999999441206455,0.0024999999441206455
06-01-2016,0.0024999999441206455,0.0024999999441206455,0,0.0024999999441206455,0.0024999999441206455,0.0024999999441206455
07-01-2016,0.0024999999441206455,0.0024999999441206455,0,0.0024999999441206455,0.0024999999441206455,0.0024999999441206455
08-01-2016,0.0024999999441206455,0.0024999999441206455,0,0.0024999999441206455,0.0024999999441206455,0.0024999999441206455
11-01-2016,0.0024999999441206455,0.0024999999441206455,0,0.0024999999441206455,0.0024999999441206455,0.0024999999441206455
12-01-2016,0.0024999999441206455,0.0024999999441206455,0,0.0024999999441206455,0.0024999999441206455,0.0024999999441206455
13-01-2016,0.0024999999441206455,0.0024999999441206455,0,0.0024999999441206455,0.0024999999441206455,0.0024999999441206455
14-01-2016,0.0024999999441206455,0.0024999999441206455,0,0.0024999999441206455,0.0024999999441206455,0.0024999999441206455
15-01-2016,0.0024999999441206455,0.0024999999441206455,0,0.0024999999441206455,0.0024999999441206455,0.0024999999441206455
19-01-2016,0.0024999999441206455,0.0024999999441206455,0,0.0024999999441206455,0.0024999999441206455,0.0024999999441206455
20-01-2016,0.0024999999441206455,0.0024999999441206455,0,0.0024999999441206455,0.0024999999441206455,0.0024999999441206455
21-01-2016,0.0024999999441206455,0.0024999999441206455,0,0.0024999999441206455,0.0024999999441206455,0.0024999999441206455
22-01-2016,0.07500000298023224,0.12999999523162842,34000,0.12999999523162842,0.07500000298023224,0.07500000298023224
25-01-2016,0.07500000298023224,0.07500000298023224,0,0.07500000298023224,0.07500000298023224,0.07500000298023224
26-01-2016,0.07500000298023224,0.07500000298023224,0,0.07500000298023224,0.07500000298023224,0.07500000298023224
27-01-2016,0.07500000298023224,0.07500000298023224,0,0.07500000298023224,0.07500000298023224,0.07500000298023224
28-01-2016,0.07500000298023224,0.07500000298023224,0,0.07500000298023224,0.07500000298023224,0.07500000298023224
29-01-2016,0.07500000298023224,0.07500000298023224,0,0.07500000298023224,0.07500000298023224,0.07500000298023224
01-02-2016,0.07500000298023224,0.07500000298023224,0,0.07500000298023224,0.07500000298023224,0.07500000298023224
02-02-2016,0.07500000298023224,0.07500000298023224,0,0.07500000298023224,0.07500000298023224,0.07500000298023224
03-02-2016,0.07500000298023224,0.07500000298023224,0,0.07500000298023224,0.07500000298023224,0.07500000298023224
04-02-2016,0.07500000298023224,0.07500000298023224,0,0.07500000298023224,0.07500000298023224,0.07500000298023224
05-02-2016,0.07500000298023224,0.07500000298023224,0,0.07500000298023224,0.07500000298023224,0.07500000298023224
08-02-2016,0.07500000298023224,0.07500000298023224,0,0.07500000298023224,0.07500000298023224,0.07500000298023224
09-02-2016,0.07500000298023224,0.07500000298023224,0,0.07500000298023224,0.07500000298023224,0.07500000298023224
10-02-2016,0.07500000298023224,0.07500000298023224,0,0.07500000298023224,0.07500000298023224,0.07500000298023224
11-02-2016,0.07500000298023224,0.07500000298023224,0,0.07500000298023224,0.07500000298023224,0.07500000298023224
12-02-2016,0.07500000298023224,0.07500000298023224,0,0.07500000298023224,0.07500000298023224,0.07500000298023224
16-02-2016,0.07500000298023224,0.07500000298023224,0,0.07500000298023224,0.07500000298023224,0.07500000298023224
17-02-2016,0.07500000298023224,0.07500000298023224,0,0.07500000298023224,0.07500000298023224,0.07500000298023224
18-02-2016,0.07500000298023224,0.07500000298023224,0,0.07500000298023224,0.07500000298023224,0.07500000298023224
19-02-2016,0.07500000298023224,0.07500000298023224,0,0.07500000298023224,0.07500000298023224,0.07500000298023224
22-02-2016,0.07500000298023224,0.07500000298023224,0,0.07500000298023224,0.07500000298023224,0.07500000298023224
23-02-2016,0.07500000298023224,0.07500000298023224,0,0.07500000298023224,0.07500000298023224,0.07500000298023224
24-02-2016,0.029999999329447746,0.029999999329447746,30000,0.029999999329447746,0.029999999329447746,0.029999999329447746
25-02-2016,0.029999999329447746,0.029999999329447746,0,0.029999999329447746,0.029999999329447746,0.029999999329447746
26-02-2016,0.03999999910593033,0.03999999910593033,10000,0.03999999910593033,0.03999999910593033,0.03999999910593033
29-02-2016,0.03999999910593033,0.03999999910593033,0,0.03999999910593033,0.03999999910593033,0.03999999910593033
01-03-2016,0.03999999910593033,0.03999999910593033,0,0.03999999910593033,0.03999999910593033,0.03999999910593033
02-03-2016,0.03999999910593033,0.03999999910593033,0,0.03999999910593033,0.03999999910593033,0.03999999910593033
03-03-2016,0.03999999910593033,0.03999999910593033,10000,0.03999999910593033,0.03999999910593033,0.03999999910593033
04-03-2016,0.03500000014901161,0.03500000014901161,10000,0.03500000014901161,0.03500000014901161,0.03500000014901161
07-03-2016,0.029999999329447746,0.029999999329447746,10260,0.029999999329447746,0.029999999329447746,0.029999999329447746
08-03-2016,0.029999999329447746,0.029999999329447746,0,0.029999999329447746,0.029999999329447746,0.029999999329447746
09-03-2016,0.029999999329447746,0.029999999329447746,0,0.029999999329447746,0.029999999329447746,0.029999999329447746
10-03-2016,0.029999999329447746,0.029999999329447746,0,0.029999999329447746,0.029999999329447746,0.029999999329447746
11-03-2016,0.029999999329447746,0.029999999329447746,0,0.029999999329447746,0.029999999329447746,0.029999999329447746
14-03-2016,0.02500000037252903,0.02500000037252903,10000,0.02500000037252903,0.02500000037252903,0.02500000037252903
15-03-2016,0.02500000037252903,0.02500000037252903,0,0.02500000037252903,0.02500000037252903,0.02500000037252903
16-03-2016,0.02500000037252903,0.02500000037252903,0,0.02500000037252903,0.02500000037252903,0.02500000037252903
17-03-2016,0.02500000037252903,0.02500000037252903,10000,0.02500000037252903,0.02500000037252903,0.02500000037252903
18-03-2016,0.02500000037252903,0.02500000037252903,0,0.02500000037252903,0.02500000037252903,0.02500000037252903
21-03-2016,0.02500000037252903,0.02500000037252903,0,0.02500000037252903,0.02500000037252903,0.02500000037252903
22-03-2016,0.02500000037252903,0.02500000037252903,10000,0.02500000037252903,0.02500000037252903,0.02500000037252903
23-03-2016,0.02500000037252903,0.02500000037252903,0,0.02500000037252903,0.02500000037252903,0.02500000037252903
24-03-2016,0.02500000037252903,0.02500000037252903,10000,0.02500000037252903,0.02500000037252903,0.02500000037252903
28-03-2016,0.02500000037252903,0.02500000037252903,0,0.02500000037252903,0.02500000037252903,0.02500000037252903
29-03-2016,0.02500000037252903,0.02500000037252903,0,0.02500000037252903,0.02500000037252903,0.02500000037252903
30-03-2016,0.02500000037252903,0.02500000037252903,0,0.02500000037252903,0.02500000037252903,0.02500000037252903
31-03-2016,0.02500000037252903,0.02500000037252903,0,0.02500000037252903,0.02500000037252903,0.02500000037252903
01-04-2016,0.02500000037252903,0.02500000037252903,0,0.02500000037252903,0.02500000037252903,0.02500000037252903
04-04-2016,0.02500000037252903,0.02500000037252903,0,0.02500000037252903,0.02500000037252903,0.02500000037252903
05-04-2016,0.02500000037252903,0.02500000037252903,0,0.02500000037252903,0.02500000037252903,0.02500000037252903
06-04-2016,0.02500000037252903,0.02500000037252903,0,0.02500000037252903,0.02500000037252903,0.02500000037252903
07-04-2016,0.02500000037252903,0.02500000037252903,10000,0.02500000037252903,0.02500000037252903,0.02500000037252903
08-04-2016,0.02500000037252903,0.02500000037252903,0,0.02500000037252903,0.02500000037252903,0.02500000037252903
11-04-2016,0.02500000037252903,0.02500000037252903,0,0.02500000037252903,0.02500000037252903,0.02500000037252903
12-04-2016,0.02500000037252903,0.02500000037252903,0,0.02500000037252903,0.02500000037252903,0.02500000037252903
13-04-2016,0.02500000037252903,0.02500000037252903,0,0.02500000037252903,0.02500000037252903,0.02500000037252903
14-04-2016,0.02500000037252903,0.02500000037252903,0,0.02500000037252903,0.02500000037252903,0.02500000037252903
15-04-2016,0.02500000037252903,0.02500000037252903,0,0.02500000037252903,0.02500000037252903,0.02500000037252903
18-04-2016,0.02500000037252903,0.02500000037252903,0,0.02500000037252903,0.02500000037252903,0.02500000037252903
19-04-2016,0.02500000037252903,0.02500000037252903,0,0.02500000037252903,0.02500000037252903,0.02500000037252903
20-04-2016,0.02500000037252903,0.02500000037252903,10000,0.02500000037252903,0.02500000037252903,0.02500000037252903
21-04-2016,0.02500000037252903,0.02500000037252903,0,0.02500000037252903,0.02500000037252903,0.02500000037252903
22-04-2016,0.02500000037252903,0.02500000037252903,0,0.02500000037252903,0.02500000037252903,0.02500000037252903
25-04-2016,0.02500000037252903,0.02500000037252903,0,0.02500000037252903,0.02500000037252903,0.02500000037252903
26-04-2016,0.02500000037252903,0.02500000037252903,0,0.02500000037252903,0.02500000037252903,0.02500000037252903
27-04-2016,0.02500000037252903,0.02500000037252903,0,0.02500000037252903,0.02500000037252903,0.02500000037252903
28-04-2016,0.02500000037252903,0.02500000037252903,0,0.02500000037252903,0.02500000037252903,0.02500000037252903
29-04-2016,0.02500000037252903,0.02500000037252903,0,0.02500000037252903,0.02500000037252903,0.02500000037252903
02-05-2016,0.02500000037252903,0.02500000037252903,0,0.02500000037252903,0.02500000037252903,0.02500000037252903
03-05-2016,0.02500000037252903,0.02500000037252903,0,0.02500000037252903,0.02500000037252903,0.02500000037252903
04-05-2016,0.02500000037252903,0.02500000037252903,0,0.02500000037252903,0.02500000037252903,0.02500000037252903
05-05-2016,0.02500000037252903,0.02500000037252903,0,0.02500000037252903,0.02500000037252903,0.02500000037252903
06-05-2016,0.02500000037252903,0.02500000037252903,0,0.02500000037252903,0.02500000037252903,0.02500000037252903
09-05-2016,0.02500000037252903,0.02500000037252903,0,0.02500000037252903,0.02500000037252903,0.02500000037252903
10-05-2016,0.02500000037252903,0.02500000037252903,0,0.02500000037252903,0.02500000037252903,0.02500000037252903
11-05-2016,0.02500000037252903,0.02500000037252903,0,0.02500000037252903,0.02500000037252903,0.02500000037252903
12-05-2016,0.02500000037252903,0.02500000037252903,0,0.02500000037252903,0.02500000037252903,0.02500000037252903
13-05-2016,0.02500000037252903,0.02500000037252903,0,0.02500000037252903,0.02500000037252903,0.02500000037252903
16-05-2016,0.02500000037252903,0.02500000037252903,0,0.02500000037252903,0.02500000037252903,0.02500000037252903
17-05-2016,0.02500000037252903,0.02500000037252903,0,0.02500000037252903,0.02500000037252903,0.02500000037252903
18-05-2016,0.02500000037252903,0.02500000037252903,0,0.02500000037252903,0.02500000037252903,0.02500000037252903
19-05-2016,0.02500000037252903,0.02500000037252903,0,0.02500000037252903,0.02500000037252903,0.02500000037252903
20-05-2016,0.02500000037252903,0.02500000037252903,0,0.02500000037252903,0.02500000037252903,0.02500000037252903
23-05-2016,0.02500000037252903,0.02500000037252903,0,0.02500000037252903,0.02500000037252903,0.02500000037252903
24-05-2016,0.02500000037252903,0.02500000037252903,0,0.02500000037252903,0.02500000037252903,0.02500000037252903
25-05-2016,0.02500000037252903,0.02500000037252903,0,0.02500000037252903,0.02500000037252903,0.02500000037252903
26-05-2016,0.02500000037252903,0.02500000037252903,0,0.02500000037252903,0.02500000037252903,0.02500000037252903
27-05-2016,0.02500000037252903,0.02500000037252903,0,0.02500000037252903,0.02500000037252903,0.02500000037252903
31-05-2016,0.02500000037252903,0.02500000037252903,0,0.02500000037252903,0.02500000037252903,0.02500000037252903
01-06-2016,0.02500000037252903,0.02500000037252903,0,0.02500000037252903,0.02500000037252903,0.02500000037252903
02-06-2016,0.02500000037252903,0.02500000037252903,0,0.02500000037252903,0.02500000037252903,0.02500000037252903
03-06-2016,0.02500000037252903,0.02500000037252903,0,0.02500000037252903,0.02500000037252903,0.02500000037252903
06-06-2016,0.02500000037252903,0.02500000037252903,0,0.02500000037252903,0.02500000037252903,0.02500000037252903
07-06-2016,0.02500000037252903,0.02500000037252903,0,0.02500000037252903,0.02500000037252903,0.02500000037252903
08-06-2016,0.02500000037252903,0.02500000037252903,0,0.02500000037252903,0.02500000037252903,0.02500000037252903
09-06-2016,0.02500000037252903,0.02500000037252903,0,0.02500000037252903,0.02500000037252903,0.02500000037252903
10-06-2016,0.02500000037252903,0.02500000037252903,0,0.02500000037252903,0.02500000037252903,0.02500000037252903
13-06-2016,0.02500000037252903,0.02500000037252903,0,0.02500000037252903,0.02500000037252903,0.02500000037252903
14-06-2016,0.02500000037252903,0.02500000037252903,0,0.02500000037252903,0.02500000037252903,0.02500000037252903
15-06-2016,0.009999999776482582,0.02500000037252903,200000,0.02500000037252903,0.009999999776482582,0.009999999776482582
16-06-2016,0.00800000037997961,0.009999999776482582,169001,0.009999999776482582,0.00800000037997961,0.00800000037997961
17-06-2016,0.006000000052154064,0.00800000037997961,281000,0.008500000461935997,0.006000000052154064,0.006000000052154064
20-06-2016,0.006000000052154064,0.006000000052154064,0,0.006000000052154064,0.006000000052154064,0.006000000052154064
21-06-2016,0.006000000052154064,0.006000000052154064,0,0.006000000052154064,0.006000000052154064,0.006000000052154064
22-06-2016,0.006000000052154064,0.006000000052154064,0,0.006000000052154064,0.006000000052154064,0.006000000052154064
23-06-2016,0.006000000052154064,0.006000000052154064,0,0.006000000052154064,0.006000000052154064,0.006000000052154064
24-06-2016,0.006000000052154064,0.006000000052154064,0,0.006000000052154064,0.006000000052154064,0.006000000052154064
27-06-2016,0.006000000052154064,0.006000000052154064,0,0.006000000052154064,0.006000000052154064,0.006000000052154064
28-06-2016,0.006000000052154064,0.006000000052154064,0,0.006000000052154064,0.006000000052154064,0.006000000052154064
29-06-2016,0.006000000052154064,0.006000000052154064,0,0.006000000052154064,0.006000000052154064,0.006000000052154064
30-06-2016,0.006000000052154064,0.006000000052154064,0,0.006000000052154064,0.006000000052154064,0.006000000052154064
01-07-2016,0.006000000052154064,0.006000000052154064,0,0.006000000052154064,0.006000000052154064,0.006000000052154064
05-07-2016,0.006000000052154064,0.006000000052154064,0,0.006000000052154064,0.006000000052154064,0.006000000052154064
06-07-2016,0.006000000052154064,0.006000000052154064,0,0.006000000052154064,0.006000000052154064,0.006000000052154064
07-07-2016,0.006000000052154064,0.006000000052154064,0,0.006000000052154064,0.006000000052154064,0.006000000052154064
08-07-2016,0.006000000052154064,0.006000000052154064,0,0.006000000052154064,0.006000000052154064,0.006000000052154064
11-07-2016,0.006000000052154064,0.006000000052154064,0,0.006000000052154064,0.006000000052154064,0.006000000052154064
12-07-2016,0.006000000052154064,0.006000000052154064,0,0.006000000052154064,0.006000000052154064,0.006000000052154064
13-07-2016,0.006000000052154064,0.006000000052154064,0,0.006000000052154064,0.006000000052154064,0.006000000052154064
14-07-2016,0.006000000052154064,0.006000000052154064,0,0.006000000052154064,0.006000000052154064,0.006000000052154064
15-07-2016,0.006000000052154064,0.006000000052154064,0,0.006000000052154064,0.006000000052154064,0.006000000052154064
18-07-2016,0.006000000052154064,0.006000000052154064,0,0.006000000052154064,0.006000000052154064,0.006000000052154064
19-07-2016,0.006000000052154064,0.006000000052154064,0,0.006000000052154064,0.006000000052154064,0.006000000052154064
20-07-2016,0.006000000052154064,0.006000000052154064,0,0.006000000052154064,0.006000000052154064,0.006000000052154064
21-07-2016,0.006000000052154064,0.006000000052154064,0,0.006000000052154064,0.006000000052154064,0.006000000052154064
22-07-2016,0.006000000052154064,0.006000000052154064,0,0.006000000052154064,0.006000000052154064,0.006000000052154064
25-07-2016,0.006000000052154064,0.006000000052154064,0,0.006000000052154064,0.006000000052154064,0.006000000052154064
26-07-2016,0.006000000052154064,0.006000000052154064,0,0.006000000052154064,0.006000000052154064,0.006000000052154064
27-07-2016,0.006000000052154064,0.006000000052154064,0,0.006000000052154064,0.006000000052154064,0.006000000052154064
28-07-2016,0.006000000052154064,0.006000000052154064,0,0.006000000052154064,0.006000000052154064,0.006000000052154064
29-07-2016,0.006000000052154064,0.006000000052154064,0,0.006000000052154064,0.006000000052154064,0.006000000052154064
01-08-2016,0.006000000052154064,0.006000000052154064,0,0.006000000052154064,0.006000000052154064,0.006000000052154064
02-08-2016,0.006000000052154064,0.006000000052154064,0,0.006000000052154064,0.006000000052154064,0.006000000052154064
03-08-2016,0.006000000052154064,0.006000000052154064,0,0.006000000052154064,0.006000000052154064,0.006000000052154064
04-08-2016,0.006000000052154064,0.006000000052154064,0,0.006000000052154064,0.006000000052154064,0.006000000052154064
05-08-2016,0.006000000052154064,0.006000000052154064,0,0.006000000052154064,0.006000000052154064,0.006000000052154064
08-08-2016,0.006000000052154064,0.006000000052154064,0,0.006000000052154064,0.006000000052154064,0.006000000052154064
09-08-2016,0.006000000052154064,0.006000000052154064,0,0.006000000052154064,0.006000000052154064,0.006000000052154064
10-08-2016,0.006000000052154064,0.006000000052154064,0,0.006000000052154064,0.006000000052154064,0.006000000052154064
11-08-2016,0.006000000052154064,0.006000000052154064,0,0.006000000052154064,0.006000000052154064,0.006000000052154064
12-08-2016,0.006000000052154064,0.006000000052154064,0,0.006000000052154064,0.006000000052154064,0.006000000052154064
15-08-2016,0.006000000052154064,0.006000000052154064,0,0.006000000052154064,0.006000000052154064,0.006000000052154064
16-08-2016,0.006000000052154064,0.006000000052154064,0,0.006000000052154064,0.006000000052154064,0.006000000052154064
17-08-2016,0.006000000052154064,0.006000000052154064,0,0.006000000052154064,0.006000000052154064,0.006000000052154064
18-08-2016,0.006000000052154064,0.006000000052154064,0,0.006000000052154064,0.006000000052154064,0.006000000052154064
19-08-2016,0.006000000052154064,0.006000000052154064,0,0.006000000052154064,0.006000000052154064,0.006000000052154064
22-08-2016,0.006000000052154064,0.006000000052154064,0,0.006000000052154064,0.006000000052154064,0.006000000052154064
23-08-2016,0.006000000052154064,0.006000000052154064,0,0.006000000052154064,0.006000000052154064,0.006000000052154064
24-08-2016,0.006000000052154064,0.006000000052154064,0,0.006000000052154064,0.006000000052154064,0.006000000052154064
25-08-2016,0.006000000052154064,0.006000000052154064,0,0.006000000052154064,0.006000000052154064,0.006000000052154064
26-08-2016,0.006000000052154064,0.006000000052154064,0,0.006000000052154064,0.006000000052154064,0.006000000052154064
29-08-2016,0.006000000052154064,0.006000000052154064,0,0.006000000052154064,0.006000000052154064,0.006000000052154064
30-08-2016,0.006000000052154064,0.006000000052154064,0,0.006000000052154064,0.006000000052154064,0.006000000052154064
31-08-2016,0.006000000052154064,0.006000000052154064,0,0.006000000052154064,0.006000000052154064,0.006000000052154064
01-09-2016,0.006000000052154064,0.006000000052154064,0,0.006000000052154064,0.006000000052154064,0.006000000052154064
02-09-2016,0.006000000052154064,0.006000000052154064,0,0.006000000052154064,0.006000000052154064,0.006000000052154064
06-09-2016,0.006000000052154064,0.006000000052154064,0,0.006000000052154064,0.006000000052154064,0.006000000052154064
07-09-2016,0.014999999664723873,0.014999999664723873,4000,0.014999999664723873,0.014999999664723873,0.014999999664723873
08-09-2016,0.014999999664723873,0.014999999664723873,0,0.014999999664723873,0.014999999664723873,0.014999999664723873
09-09-2016,0.014999999664723873,0.014999999664723873,49999,0.014999999664723873,0.014999999664723873,0.014999999664723873
12-09-2016,0.014000000432133675,0.014000000432133675,25000,0.014000000432133675,0.014000000432133675,0.014000000432133675
13-09-2016,0.013000000268220901,0.013000000268220901,25000,0.013000000268220901,0.013000000268220901,0.013000000268220901
14-09-2016,0.013000000268220901,0.013000000268220901,0,0.013000000268220901,0.013000000268220901,0.013000000268220901
15-09-2016,0.013000000268220901,0.013000000268220901,0,0.013000000268220901,0.013000000268220901,0.013000000268220901
16-09-2016,0.013000000268220901,0.013000000268220901,0,0.013000000268220901,0.013000000268220901,0.013000000268220901
19-09-2016,0.013000000268220901,0.013000000268220901,0,0.013000000268220901,0.013000000268220901,0.013000000268220901
20-09-2016,0.013000000268220901,0.013000000268220901,0,0.013000000268220901,0.013000000268220901,0.013000000268220901
21-09-2016,0.013000000268220901,0.013000000268220901,0,0.013000000268220901,0.013000000268220901,0.013000000268220901
22-09-2016,0.013000000268220901,0.013000000268220901,10000,0.013000000268220901,0.013000000268220901,0.013000000268220901
23-09-2016,0.012000000104308128,0.012000000104308128,20000,0.012000000104308128,0.012000000104308128,0.012000000104308128
26-09-2016,0.012000000104308128,0.012000000104308128,0,0.012000000104308128,0.012000000104308128,0.012000000104308128
27-09-2016,0.012000000104308128,0.012000000104308128,0,0.012000000104308128,0.012000000104308128,0.012000000104308128
28-09-2016,0.012000000104308128,0.012000000104308128,0,0.012000000104308128,0.012000000104308128,0.012000000104308128
29-09-2016,0.012000000104308128,0.012000000104308128,0,0.012000000104308128,0.012000000104308128,0.012000000104308128
30-09-2016,0.012000000104308128,0.012000000104308128,0,0.012000000104308128,0.012000000104308128,0.012000000104308128
03-10-2016,0.012000000104308128,0.012000000104308128,0,0.012000000104308128,0.012000000104308128,0.012000000104308128
04-10-2016,0.012000000104308128,0.012000000104308128,0,0.012000000104308128,0.012000000104308128,0.012000000104308128
05-10-2016,0.012000000104308128,0.012000000104308128,0,0.012000000104308128,0.012000000104308128,0.012000000104308128
06-10-2016,0.012000000104308128,0.012000000104308128,0,0.012000000104308128,0.012000000104308128,0.012000000104308128
07-10-2016,0.012000000104308128,0.012000000104308128,0,0.012000000104308128,0.012000000104308128,0.012000000104308128
10-10-2016,0.012000000104308128,0.012000000104308128,0,0.012000000104308128,0.012000000104308128,0.012000000104308128
11-10-2016,0.012000000104308128,0.012000000104308128,0,0.012000000104308128,0.012000000104308128,0.012000000104308128
12-10-2016,0.012000000104308128,0.012000000104308128,0,0.012000000104308128,0.012000000104308128,0.012000000104308128
13-10-2016,0.012000000104308128,0.012000000104308128,0,0.012000000104308128,0.012000000104308128,0.012000000104308128
14-10-2016,0.012000000104308128,0.012000000104308128,0,0.012000000104308128,0.012000000104308128,0.012000000104308128
17-10-2016,0.012000000104308128,0.012000000104308128,0,0.012000000104308128,0.012000000104308128,0.012000000104308128
18-10-2016,0.012000000104308128,0.012000000104308128,0,0.012000000104308128,0.012000000104308128,0.012000000104308128
19-10-2016,0.012000000104308128,0.012000000104308128,0,0.012000000104308128,0.012000000104308128,0.012000000104308128
20-10-2016,0.012000000104308128,0.012000000104308128,0,0.012000000104308128,0.012000000104308128,0.012000000104308128
21-10-2016,0.012000000104308128,0.012000000104308128,0,0.012000000104308128,0.012000000104308128,0.012000000104308128
24-10-2016,0.012000000104308128,0.012000000104308128,0,0.012000000104308128,0.012000000104308128,0.012000000104308128
25-10-2016,0.012000000104308128,0.012000000104308128,0,0.012000000104308128,0.012000000104308128,0.012000000104308128
26-10-2016,0.012000000104308128,0.012000000104308128,0,0.012000000104308128,0.012000000104308128,0.012000000104308128
27-10-2016,0.012000000104308128,0.012000000104308128,0,0.012000000104308128,0.012000000104308128,0.012000000104308128
28-10-2016,0.012000000104308128,0.012000000104308128,0,0.012000000104308128,0.012000000104308128,0.012000000104308128
31-10-2016,0.012000000104308128,0.012000000104308128,0,0.012000000104308128,0.012000000104308128,0.012000000104308128
01-11-2016,0.012000000104308128,0.012000000104308128,0,0.012000000104308128,0.012000000104308128,0.012000000104308128
02-11-2016,0.012000000104308128,0.012000000104308128,0,0.012000000104308128,0.012000000104308128,0.012000000104308128
03-11-2016,0.012000000104308128,0.012000000104308128,0,0.012000000104308128,0.012000000104308128,0.012000000104308128
04-11-2016,0.012000000104308128,0.012000000104308128,0,0.012000000104308128,0.012000000104308128,0.012000000104308128
07-11-2016,0.012000000104308128,0.012000000104308128,0,0.012000000104308128,0.012000000104308128,0.012000000104308128
08-11-2016,0.012000000104308128,0.012000000104308128,0,0.012000000104308128,0.012000000104308128,0.012000000104308128
09-11-2016,0.012000000104308128,0.012000000104308128,0,0.012000000104308128,0.012000000104308128,0.012000000104308128
10-11-2016,0.012000000104308128,0.012000000104308128,0,0.012000000104308128,0.012000000104308128,0.012000000104308128
11-11-2016,0.012000000104308128,0.012000000104308128,0,0.012000000104308128,0.012000000104308128,0.012000000104308128
14-11-2016,0.012000000104308128,0.012000000104308128,0,0.012000000104308128,0.012000000104308128,0.012000000104308128
15-11-2016,0.012000000104308128,0.012000000104308128,0,0.012000000104308128,0.012000000104308128,0.012000000104308128
16-11-2016,0.012000000104308128,0.012000000104308128,0,0.012000000104308128,0.012000000104308128,0.012000000104308128
17-11-2016,0.012000000104308128,0.012000000104308128,0,0.012000000104308128,0.012000000104308128,0.012000000104308128
18-11-2016,0.012000000104308128,0.012000000104308128,0,0.012000000104308128,0.012000000104308128,0.012000000104308128
21-11-2016,0.012000000104308128,0.012000000104308128,0,0.012000000104308128,0.012000000104308128,0.012000000104308128
22-11-2016,0.012000000104308128,0.012000000104308128,0,0.012000000104308128,0.012000000104308128,0.012000000104308128
23-11-2016,0.012000000104308128,0.012000000104308128,0,0.012000000104308128,0.012000000104308128,0.012000000104308128
25-11-2016,0.012000000104308128,0.012000000104308128,0,0.012000000104308128,0.012000000104308128,0.012000000104308128
28-11-2016,0.012000000104308128,0.012000000104308128,0,0.012000000104308128,0.012000000104308128,0.012000000104308128
29-11-2016,0.012000000104308128,0.012000000104308128,0,0.012000000104308128,0.012000000104308128,0.012000000104308128
30-11-2016,0.012000000104308128,0.012000000104308128,0,0.012000000104308128,0.012000000104308128,0.012000000104308128
01-12-2016,0.012000000104308128,0.012000000104308128,0,0.012000000104308128,0.012000000104308128,0.012000000104308128
02-12-2016,0.012000000104308128,0.012000000104308128,0,0.012000000104308128,0.012000000104308128,0.012000000104308128
05-12-2016,0.012000000104308128,0.012000000104308128,0,0.012000000104308128,0.012000000104308128,0.012000000104308128
06-12-2016,0.012000000104308128,0.012000000104308128,0,0.012000000104308128,0.012000000104308128,0.012000000104308128
07-12-2016,0.012000000104308128,0.012000000104308128,0,0.012000000104308128,0.012000000104308128,0.012000000104308128
08-12-2016,0.012000000104308128,0.012000000104308128,0,0.012000000104308128,0.012000000104308128,0.012000000104308128
09-12-2016,0.012000000104308128,0.012000000104308128,0,0.012000000104308128,0.012000000104308128,0.012000000104308128
12-12-2016,0.012000000104308128,0.012000000104308128,0,0.012000000104308128,0.012000000104308128,0.012000000104308128
13-12-2016,0.012000000104308128,0.012000000104308128,0,0.012000000104308128,0.012000000104308128,0.012000000104308128
14-12-2016,0.012000000104308128,0.012000000104308128,0,0.012000000104308128,0.012000000104308128,0.012000000104308128
15-12-2016,0.012000000104308128,0.012000000104308128,0,0.012000000104308128,0.012000000104308128,0.012000000104308128
16-12-2016,0.012000000104308128,0.012000000104308128,0,0.012000000104308128,0.012000000104308128,0.012000000104308128
19-12-2016,0.012000000104308128,0.012000000104308128,0,0.012000000104308128,0.012000000104308128,0.012000000104308128
20-12-2016,0.012000000104308128,0.012000000104308128,0,0.012000000104308128,0.012000000104308128,0.012000000104308128
21-12-2016,0.012000000104308128,0.012000000104308128,0,0.012000000104308128,0.012000000104308128,0.012000000104308128
22-12-2016,0.012000000104308128,0.012000000104308128,0,0.012000000104308128,0.012000000104308128,0.012000000104308128
23-12-2016,0.012000000104308128,0.012000000104308128,0,0.012000000104308128,0.012000000104308128,0.012000000104308128
27-12-2016,0.012000000104308128,0.012000000104308128,0,0.012000000104308128,0.012000000104308128,0.012000000104308128
28-12-2016,0.012000000104308128,0.012000000104308128,0,0.012000000104308128,0.012000000104308128,0.012000000104308128
29-12-2016,0.012000000104308128,0.012000000104308128,0,0.012000000104308128,0.012000000104308128,0.012000000104308128
30-12-2016,0.012000000104308128,0.012000000104308128,0,0.012000000104308128,0.012000000104308128,0.012000000104308128
03-01-2017,0.012000000104308128,0.012000000104308128,0,0.012000000104308128,0.012000000104308128,0.012000000104308128
04-01-2017,0.012000000104308128,0.012000000104308128,0,0.012000000104308128,0.012000000104308128,0.012000000104308128
05-01-2017,0.012000000104308128,0.012000000104308128,0,0.012000000104308128,0.012000000104308128,0.012000000104308128
06-01-2017,0.012000000104308128,0.012000000104308128,0,0.012000000104308128,0.012000000104308128,0.012000000104308128
09-01-2017,0.012000000104308128,0.012000000104308128,0,0.012000000104308128,0.012000000104308128,0.012000000104308128
10-01-2017,0.012000000104308128,0.012000000104308128,0,0.012000000104308128,0.012000000104308128,0.012000000104308128
11-01-2017,0.012000000104308128,0.012000000104308128,0,0.012000000104308128,0.012000000104308128,0.012000000104308128
12-01-2017,0.012000000104308128,0.012000000104308128,0,0.012000000104308128,0.012000000104308128,0.012000000104308128
13-01-2017,0.012000000104308128,0.012000000104308128,0,0.012000000104308128,0.012000000104308128,0.012000000104308128
17-01-2017,0.012000000104308128,0.012000000104308128,0,0.012000000104308128,0.012000000104308128,0.012000000104308128
18-01-2017,0.012000000104308128,0.012000000104308128,0,0.012000000104308128,0.012000000104308128,0.012000000104308128
19-01-2017,0.012000000104308128,0.012000000104308128,0,0.012000000104308128,0.012000000104308128,0.012000000104308128
20-01-2017,0.012000000104308128,0.012000000104308128,0,0.012000000104308128,0.012000000104308128,0.012000000104308128
23-01-2017,0.012000000104308128,0.012000000104308128,0,0.012000000104308128,0.012000000104308128,0.012000000104308128
24-01-2017,0.012000000104308128,0.012000000104308128,0,0.012000000104308128,0.012000000104308128,0.012000000104308128
25-01-2017,0.012000000104308128,0.012000000104308128,0,0.012000000104308128,0.012000000104308128,0.012000000104308128
26-01-2017,0.012000000104308128,0.012000000104308128,0,0.012000000104308128,0.012000000104308128,0.012000000104308128
27-01-2017,0.012000000104308128,0.012000000104308128,0,0.012000000104308128,0.012000000104308128,0.012000000104308128
30-01-2017,0.012000000104308128,0.012000000104308128,0,0.012000000104308128,0.012000000104308128,0.012000000104308128
31-01-2017,0.012000000104308128,0.012000000104308128,0,0.012000000104308128,0.012000000104308128,0.012000000104308128
01-02-2017,0.012000000104308128,0.012000000104308128,0,0.012000000104308128,0.012000000104308128,0.012000000104308128
02-02-2017,0.012000000104308128,0.012000000104308128,0,0.012000000104308128,0.012000000104308128,0.012000000104308128
03-02-2017,0.012000000104308128,0.012000000104308128,0,0.012000000104308128,0.012000000104308128,0.012000000104308128
06-02-2017,0.012000000104308128,0.012000000104308128,0,0.012000000104308128,0.012000000104308128,0.012000000104308128
07-02-2017,0.012000000104308128,0.012000000104308128,0,0.012000000104308128,0.012000000104308128,0.012000000104308128
08-02-2017,0.012000000104308128,0.012000000104308128,0,0.012000000104308128,0.012000000104308128,0.012000000104308128
09-02-2017,0.012000000104308128,0.012000000104308128,0,0.012000000104308128,0.012000000104308128,0.012000000104308128
10-02-2017,0.012000000104308128,0.012000000104308128,0,0.012000000104308128,0.012000000104308128,0.012000000104308128
13-02-2017,0.012000000104308128,0.012000000104308128,0,0.012000000104308128,0.012000000104308128,0.012000000104308128
14-02-2017,0.012000000104308128,0.012000000104308128,0,0.012000000104308128,0.012000000104308128,0.012000000104308128
15-02-2017,0.012000000104308128,0.012000000104308128,0,0.012000000104308128,0.012000000104308128,0.012000000104308128
16-02-2017,0.012000000104308128,0.012000000104308128,0,0.012000000104308128,0.012000000104308128,0.012000000104308128
17-02-2017,0.012000000104308128,0.012000000104308128,0,0.012000000104308128,0.012000000104308128,0.012000000104308128
21-02-2017,0.012000000104308128,0.012000000104308128,0,0.012000000104308128,0.012000000104308128,0.012000000104308128
22-02-2017,0.012000000104308128,0.012000000104308128,0,0.012000000104308128,0.012000000104308128,0.012000000104308128
23-02-2017,0.012000000104308128,0.012000000104308128,0,0.012000000104308128,0.012000000104308128,0.012000000104308128
24-02-2017,0.012000000104308128,0.012000000104308128,0,0.012000000104308128,0.012000000104308128,0.012000000104308128
27-02-2017,0.012000000104308128,0.012000000104308128,0,0.012000000104308128,0.012000000104308128,0.012000000104308128
28-02-2017,0.012000000104308128,0.012000000104308128,0,0.012000000104308128,0.012000000104308128,0.012000000104308128
01-03-2017,0.012000000104308128,0.012000000104308128,0,0.012000000104308128,0.012000000104308128,0.012000000104308128
02-03-2017,0.012000000104308128,0.012000000104308128,0,0.012000000104308128,0.012000000104308128,0.012000000104308128
03-03-2017,0.012000000104308128,0.012000000104308128,0,0.012000000104308128,0.012000000104308128,0.012000000104308128
06-03-2017,0.012000000104308128,0.012000000104308128,0,0.012000000104308128,0.012000000104308128,0.012000000104308128
07-03-2017,0.012000000104308128,0.012000000104308128,0,0.012000000104308128,0.012000000104308128,0.012000000104308128
08-03-2017,0.012000000104308128,0.012000000104308128,0,0.012000000104308128,0.012000000104308128,0.012000000104308128
09-03-2017,0.012000000104308128,0.012000000104308128,0,0.012000000104308128,0.012000000104308128,0.012000000104308128
10-03-2017,0.012000000104308128,0.012000000104308128,0,0.012000000104308128,0.012000000104308128,0.012000000104308128
13-03-2017,0.012000000104308128,0.012000000104308128,0,0.012000000104308128,0.012000000104308128,0.012000000104308128
14-03-2017,0.012000000104308128,0.012000000104308128,0,0.012000000104308128,0.012000000104308128,0.012000000104308128
15-03-2017,0.012000000104308128,0.012000000104308128,0,0.012000000104308128,0.012000000104308128,0.012000000104308128
16-03-2017,0.012000000104308128,0.012000000104308128,0,0.012000000104308128,0.012000000104308128,0.012000000104308128
17-03-2017,0.012000000104308128,0.012000000104308128,0,0.012000000104308128,0.012000000104308128,0.012000000104308128
20-03-2017,0.012000000104308128,0.012000000104308128,0,0.012000000104308128,0.012000000104308128,0.012000000104308128
21-03-2017,0.012000000104308128,0.012000000104308128,0,0.012000000104308128,0.012000000104308128,0.012000000104308128
22-03-2017,0.012000000104308128,0.012000000104308128,0,0.012000000104308128,0.012000000104308128,0.012000000104308128
23-03-2017,0.012000000104308128,0.012000000104308128,0,0.012000000104308128,0.012000000104308128,0.012000000104308128
24-03-2017,0.012000000104308128,0.012000000104308128,0,0.012000000104308128,0.012000000104308128,0.012000000104308128
27-03-2017,0.012000000104308128,0.012000000104308128,0,0.012000000104308128,0.012000000104308128,0.012000000104308128
28-03-2017,0.012000000104308128,0.012000000104308128,0,0.012000000104308128,0.012000000104308128,0.012000000104308128
29-03-2017,0.012000000104308128,0.012000000104308128,0,0.012000000104308128,0.012000000104308128,0.012000000104308128
30-03-2017,0.012000000104308128,0.012000000104308128,0,0.012000000104308128,0.012000000104308128,0.012000000104308128
31-03-2017,0.012000000104308128,0.012000000104308128,0,0.012000000104308128,0.012000000104308128,0.012000000104308128
03-04-2017,0.012000000104308128,0.012000000104308128,0,0.012000000104308128,0.012000000104308128,0.012000000104308128
04-04-2017,0.012000000104308128,0.012000000104308128,0,0.012000000104308128,0.012000000104308128,0.012000000104308128
05-04-2017,0.012000000104308128,0.012000000104308128,0,0.012000000104308128,0.012000000104308128,0.012000000104308128
06-04-2017,0.012000000104308128,0.012000000104308128,0,0.012000000104308128,0.012000000104308128,0.012000000104308128
07-04-2017,0.012000000104308128,0.012000000104308128,0,0.012000000104308128,0.012000000104308128,0.012000000104308128
10-04-2017,0.012000000104308128,0.012000000104308128,0,0.012000000104308128,0.012000000104308128,0.012000000104308128
11-04-2017,0.012000000104308128,0.012000000104308128,0,0.012000000104308128,0.012000000104308128,0.012000000104308128
12-04-2017,0.012000000104308128,0.012000000104308128,0,0.012000000104308128,0.012000000104308128,0.012000000104308128
13-04-2017,0.012000000104308128,0.012000000104308128,0,0.012000000104308128,0.012000000104308128,0.012000000104308128
17-04-2017,0.012000000104308128,0.012000000104308128,0,0.012000000104308128,0.012000000104308128,0.012000000104308128
18-04-2017,0.012000000104308128,0.012000000104308128,0,0.012000000104308128,0.012000000104308128,0.012000000104308128
19-04-2017,0.012000000104308128,0.012000000104308128,0,0.012000000104308128,0.012000000104308128,0.012000000104308128
20-04-2017,0.004999999888241291,0.009999999776482582,540000,0.014999999664723873,0.004999999888241291,0.004999999888241291
21-04-2017,0.004999999888241291,0.004999999888241291,0,0.004999999888241291,0.004999999888241291,0.004999999888241291
24-04-2017,0.004999999888241291,0.004999999888241291,0,0.004999999888241291,0.004999999888241291,0.004999999888241291
25-04-2017,0.004999999888241291,0.004999999888241291,0,0.004999999888241291,0.004999999888241291,0.004999999888241291
26-04-2017,0.01209999993443489,0.01209999993443489,10000,0.01209999993443489,0.01209999993443489,0.01209999993443489
27-04-2017,0.01209999993443489,0.01209999993443489,0,0.01209999993443489,0.01209999993443489,0.01209999993443489
28-04-2017,0.01209999993443489,0.01209999993443489,0,0.01209999993443489,0.01209999993443489,0.01209999993443489
01-05-2017,0.01209999993443489,0.01209999993443489,0,0.01209999993443489,0.01209999993443489,0.01209999993443489
02-05-2017,0.01209999993443489,0.01209999993443489,0,0.01209999993443489,0.01209999993443489,0.01209999993443489
03-05-2017,0.01209999993443489,0.01209999993443489,0,0.01209999993443489,0.01209999993443489,0.01209999993443489
04-05-2017,0.01209999993443489,0.01209999993443489,0,0.01209999993443489,0.01209999993443489,0.01209999993443489
05-05-2017,0.01209999993443489,0.01209999993443489,0,0.01209999993443489,0.01209999993443489,0.01209999993443489
08-05-2017,0.01209999993443489,0.01209999993443489,0,0.01209999993443489,0.01209999993443489,0.01209999993443489
09-05-2017,0.01209999993443489,0.01209999993443489,0,0.01209999993443489,0.01209999993443489,0.01209999993443489
10-05-2017,0.01209999993443489,0.01209999993443489,0,0.01209999993443489,0.01209999993443489,0.01209999993443489
11-05-2017,0.01209999993443489,0.01209999993443489,0,0.01209999993443489,0.01209999993443489,0.01209999993443489
12-05-2017,0.01209999993443489,0.01209999993443489,0,0.01209999993443489,0.01209999993443489,0.01209999993443489
15-05-2017,0.01209999993443489,0.01209999993443489,0,0.01209999993443489,0.01209999993443489,0.01209999993443489
16-05-2017,0.01209999993443489,0.01209999993443489,0,0.01209999993443489,0.01209999993443489,0.01209999993443489
17-05-2017,0.01209999993443489,0.01209999993443489,0,0.01209999993443489,0.01209999993443489,0.01209999993443489
18-05-2017,0.01209999993443489,0.01209999993443489,0,0.01209999993443489,0.01209999993443489,0.01209999993443489
19-05-2017,0.01209999993443489,0.01209999993443489,0,0.01209999993443489,0.01209999993443489,0.01209999993443489
22-05-2017,0.01209999993443489,0.01209999993443489,0,0.01209999993443489,0.01209999993443489,0.01209999993443489
23-05-2017,0.01209999993443489,0.01209999993443489,0,0.01209999993443489,0.01209999993443489,0.01209999993443489
24-05-2017,0.01209999993443489,0.01209999993443489,0,0.01209999993443489,0.01209999993443489,0.01209999993443489
25-05-2017,0.01209999993443489,0.01209999993443489,0,0.01209999993443489,0.01209999993443489,0.01209999993443489
26-05-2017,0.01209999993443489,0.01209999993443489,0,0.01209999993443489,0.01209999993443489,0.01209999993443489
30-05-2017,0.01209999993443489,0.01209999993443489,0,0.01209999993443489,0.01209999993443489,0.01209999993443489
31-05-2017,0.01209999993443489,0.01209999993443489,0,0.01209999993443489,0.01209999993443489,0.01209999993443489
01-06-2017,0.01209999993443489,0.01209999993443489,0,0.01209999993443489,0.01209999993443489,0.01209999993443489
02-06-2017,0.01209999993443489,0.01209999993443489,0,0.01209999993443489,0.01209999993443489,0.01209999993443489
05-06-2017,0.01209999993443489,0.01209999993443489,0,0.01209999993443489,0.01209999993443489,0.01209999993443489
06-06-2017,0.01209999993443489,0.01209999993443489,0,0.01209999993443489,0.01209999993443489,0.01209999993443489
07-06-2017,0.01209999993443489,0.01209999993443489,0,0.01209999993443489,0.01209999993443489,0.01209999993443489
08-06-2017,0.01209999993443489,0.01209999993443489,0,0.01209999993443489,0.01209999993443489,0.01209999993443489
09-06-2017,0.01209999993443489,0.01209999993443489,0,0.01209999993443489,0.01209999993443489,0.01209999993443489
12-06-2017,0.01209999993443489,0.01209999993443489,0,0.01209999993443489,0.01209999993443489,0.01209999993443489
13-06-2017,0.01209999993443489,0.01209999993443489,0,0.01209999993443489,0.01209999993443489,0.01209999993443489
14-06-2017,0.01209999993443489,0.01209999993443489,0,0.01209999993443489,0.01209999993443489,0.01209999993443489
15-06-2017,0.01209999993443489,0.01209999993443489,0,0.01209999993443489,0.01209999993443489,0.01209999993443489
16-06-2017,0.01209999993443489,0.01209999993443489,0,0.01209999993443489,0.01209999993443489,0.01209999993443489
19-06-2017,0.01209999993443489,0.01209999993443489,0,0.01209999993443489,0.01209999993443489,0.01209999993443489
20-06-2017,0.01209999993443489,0.01209999993443489,0,0.01209999993443489,0.01209999993443489,0.01209999993443489
21-06-2017,0.01209999993443489,0.01209999993443489,0,0.01209999993443489,0.01209999993443489,0.01209999993443489
22-06-2017,0.01209999993443489,0.01209999993443489,0,0.01209999993443489,0.01209999993443489,0.01209999993443489
23-06-2017,0.01209999993443489,0.01209999993443489,0,0.01209999993443489,0.01209999993443489,0.01209999993443489
26-06-2017,0.01209999993443489,0.01209999993443489,0,0.01209999993443489,0.01209999993443489,0.01209999993443489
27-06-2017,0.01209999993443489,0.01209999993443489,0,0.01209999993443489,0.01209999993443489,0.01209999993443489
28-06-2017,0.01209999993443489,0.01209999993443489,0,0.01209999993443489,0.01209999993443489,0.01209999993443489
29-06-2017,0.01209999993443489,0.01209999993443489,0,0.01209999993443489,0.01209999993443489,0.01209999993443489
30-06-2017,0.01209999993443489,0.01209999993443489,0,0.01209999993443489,0.01209999993443489,0.01209999993443489
03-07-2017,0.01209999993443489,0.01209999993443489,0,0.01209999993443489,0.01209999993443489,0.01209999993443489
05-07-2017,0.01209999993443489,0.01209999993443489,0,0.01209999993443489,0.01209999993443489,0.01209999993443489
06-07-2017,0.01209999993443489,0.01209999993443489,0,0.01209999993443489,0.01209999993443489,0.01209999993443489
07-07-2017,0.01209999993443489,0.01209999993443489,0,0.01209999993443489,0.01209999993443489,0.01209999993443489
10-07-2017,0.01209999993443489,0.01209999993443489,0,0.01209999993443489,0.01209999993443489,0.01209999993443489
11-07-2017,0.01209999993443489,0.01209999993443489,0,0.01209999993443489,0.01209999993443489,0.01209999993443489
12-07-2017,0.01209999993443489,0.01209999993443489,0,0.01209999993443489,0.01209999993443489,0.01209999993443489
13-07-2017,0.01209999993443489,0.01209999993443489,0,0.01209999993443489,0.01209999993443489,0.01209999993443489
14-07-2017,0.01209999993443489,0.01209999993443489,0,0.01209999993443489,0.01209999993443489,0.01209999993443489
17-07-2017,0.01209999993443489,0.01209999993443489,0,0.01209999993443489,0.01209999993443489,0.01209999993443489
18-07-2017,0.01209999993443489,0.01209999993443489,0,0.01209999993443489,0.01209999993443489,0.01209999993443489
19-07-2017,0.01209999993443489,0.01209999993443489,0,0.01209999993443489,0.01209999993443489,0.01209999993443489
20-07-2017,0.01209999993443489,0.01209999993443489,0,0.01209999993443489,0.01209999993443489,0.01209999993443489
21-07-2017,0.01209999993443489,0.01209999993443489,0,0.01209999993443489,0.01209999993443489,0.01209999993443489
24-07-2017,0.01209999993443489,0.01209999993443489,0,0.01209999993443489,0.01209999993443489,0.01209999993443489
25-07-2017,0.01209999993443489,0.01209999993443489,0,0.01209999993443489,0.01209999993443489,0.01209999993443489
26-07-2017,0.01209999993443489,0.01209999993443489,0,0.01209999993443489,0.01209999993443489,0.01209999993443489
27-07-2017,0.01209999993443489,0.01209999993443489,0,0.01209999993443489,0.01209999993443489,0.01209999993443489
28-07-2017,0.01209999993443489,0.01209999993443489,0,0.01209999993443489,0.01209999993443489,0.01209999993443489
31-07-2017,0.01209999993443489,0.01209999993443489,0,0.01209999993443489,0.01209999993443489,0.01209999993443489
01-08-2017,0.01209999993443489,0.01209999993443489,0,0.01209999993443489,0.01209999993443489,0.01209999993443489
02-08-2017,0.01209999993443489,0.01209999993443489,0,0.01209999993443489,0.01209999993443489,0.01209999993443489
03-08-2017,0.01209999993443489,0.01209999993443489,0,0.01209999993443489,0.01209999993443489,0.01209999993443489
04-08-2017,0.01209999993443489,0.01209999993443489,0,0.01209999993443489,0.01209999993443489,0.01209999993443489
07-08-2017,0.01209999993443489,0.01209999993443489,0,0.01209999993443489,0.01209999993443489,0.01209999993443489
08-08-2017,0.009999999776482582,0.010999999940395355,47355,0.010999999940395355,0.009999999776482582,0.009999999776482582
09-08-2017,0.009999999776482582,0.009999999776482582,0,0.009999999776482582,0.009999999776482582,0.009999999776482582
10-08-2017,0.009999999776482582,0.009999999776482582,0,0.009999999776482582,0.009999999776482582,0.009999999776482582
11-08-2017,0.009999999776482582,0.009999999776482582,0,0.009999999776482582,0.009999999776482582,0.009999999776482582
14-08-2017,0.009999999776482582,0.009999999776482582,0,0.009999999776482582,0.009999999776482582,0.009999999776482582
15-08-2017,0.009999999776482582,0.009999999776482582,0,0.009999999776482582,0.009999999776482582,0.009999999776482582
16-08-2017,0.009999999776482582,0.009999999776482582,0,0.009999999776482582,0.009999999776482582,0.009999999776482582
17-08-2017,0.009999999776482582,0.009999999776482582,0,0.009999999776482582,0.009999999776482582,0.009999999776482582
18-08-2017,0.009999999776482582,0.009999999776482582,0,0.009999999776482582,0.009999999776482582,0.009999999776482582
21-08-2017,0.009999999776482582,0.009999999776482582,0,0.009999999776482582,0.009999999776482582,0.009999999776482582
22-08-2017,0.009999999776482582,0.009999999776482582,0,0.009999999776482582,0.009999999776482582,0.009999999776482582
23-08-2017,0.009999999776482582,0.009999999776482582,0,0.009999999776482582,0.009999999776482582,0.009999999776482582
24-08-2017,0.009999999776482582,0.009999999776482582,0,0.009999999776482582,0.009999999776482582,0.009999999776482582
25-08-2017,0.009999999776482582,0.009999999776482582,0,0.009999999776482582,0.009999999776482582,0.009999999776482582
28-08-2017,0.009999999776482582,0.009999999776482582,0,0.009999999776482582,0.009999999776482582,0.009999999776482582
29-08-2017,0.009999999776482582,0.009999999776482582,0,0.009999999776482582,0.009999999776482582,0.009999999776482582
30-08-2017,0.009999999776482582,0.009999999776482582,10000,0.009999999776482582,0.009999999776482582,0.009999999776482582
31-08-2017,0.009999999776482582,0.009999999776482582,0,0.009999999776482582,0.009999999776482582,0.009999999776482582
01-09-2017,0.009999999776482582,0.009999999776482582,0,0.009999999776482582,0.009999999776482582,0.009999999776482582
05-09-2017,0.009999999776482582,0.009999999776482582,0,0.009999999776482582,0.009999999776482582,0.009999999776482582
06-09-2017,0.009999999776482582,0.009999999776482582,0,0.009999999776482582,0.009999999776482582,0.009999999776482582
07-09-2017,0.009999999776482582,0.009999999776482582,0,0.009999999776482582,0.009999999776482582,0.009999999776482582
08-09-2017,0.009999999776482582,0.009999999776482582,0,0.009999999776482582,0.009999999776482582,0.009999999776482582
11-09-2017,0.009999999776482582,0.009999999776482582,0,0.009999999776482582,0.009999999776482582,0.009999999776482582
12-09-2017,0.009999999776482582,0.009999999776482582,0,0.009999999776482582,0.009999999776482582,0.009999999776482582
13-09-2017,0.009999999776482582,0.009999999776482582,0,0.009999999776482582,0.009999999776482582,0.009999999776482582
14-09-2017,0.009999999776482582,0.009999999776482582,0,0.009999999776482582,0.009999999776482582,0.009999999776482582
15-09-2017,0.009999999776482582,0.009999999776482582,0,0.009999999776482582,0.009999999776482582,0.009999999776482582
18-09-2017,0.009999999776482582,0.009999999776482582,0,0.009999999776482582,0.009999999776482582,0.009999999776482582
19-09-2017,0.009999999776482582,0.009999999776482582,0,0.009999999776482582,0.009999999776482582,0.009999999776482582
20-09-2017,0.009999999776482582,0.009999999776482582,0,0.009999999776482582,0.009999999776482582,0.009999999776482582
21-09-2017,0.009999999776482582,0.009999999776482582,0,0.009999999776482582,0.009999999776482582,0.009999999776482582
22-09-2017,0.009999999776482582,0.009999999776482582,0,0.009999999776482582,0.009999999776482582,0.009999999776482582
25-09-2017,0.009999999776482582,0.009999999776482582,0,0.009999999776482582,0.009999999776482582,0.009999999776482582
26-09-2017,0.009999999776482582,0.009999999776482582,0,0.009999999776482582,0.009999999776482582,0.009999999776482582
27-09-2017,0.019999999552965164,0.019999999552965164,1028563,0.10000000149011612,0.03294999897480011,0.03294999897480011
28-09-2017,0.024000000208616257,0.031230000779032707,170450,0.032999999821186066,0.024000000208616257,0.024000000208616257
29-09-2017,0.024000000208616257,0.024000000208616257,32020,0.029999999329447746,0.024000000208616257,0.024000000208616257
02-10-2017,0.019999999552965164,0.019999999552965164,54500,0.019999999552965164,0.019999999552965164,0.019999999552965164
03-10-2017,0.014999999664723873,0.014999999664723873,14590,0.018449999392032623,0.018449999392032623,0.018449999392032623
04-10-2017,0.014999999664723873,0.014999999664723873,5000,0.014999999664723873,0.014999999664723873,0.014999999664723873
05-10-2017,0.014999999664723873,0.014999999664723873,1400,0.014999999664723873,0.014999999664723873,0.014999999664723873
06-10-2017,0.014999999664723873,0.014999999664723873,23333,0.014999999664723873,0.014999999664723873,0.014999999664723873
09-10-2017,0.014999999664723873,0.014999999664723873,4287,0.014999999664723873,0.014999999664723873,0.014999999664723873
10-10-2017,0.014999999664723873,0.014999999664723873,40000,0.018449999392032623,0.018449999392032623,0.018449999392032623
11-10-2017,0.014999999664723873,0.014999999664723873,25000,0.018449999392032623,0.018449999392032623,0.018449999392032623
12-10-2017,0.018449999392032623,0.018449999392032623,0,0.018449999392032623,0.018449999392032623,0.018449999392032623
13-10-2017,0.018449999392032623,0.018449999392032623,0,0.018449999392032623,0.018449999392032623,0.018449999392032623
16-10-2017,0.018449999392032623,0.018449999392032623,0,0.018449999392032623,0.018449999392032623,0.018449999392032623
17-10-2017,0.018449999392032623,0.018449999392032623,0,0.018449999392032623,0.018449999392032623,0.018449999392032623
18-10-2017,0.018449999392032623,0.018449999392032623,0,0.018449999392032623,0.018449999392032623,0.018449999392032623
19-10-2017,0.018449999392032623,0.018449999392032623,0,0.018449999392032623,0.018449999392032623,0.018449999392032623
20-10-2017,0.014999999664723873,0.014999999664723873,20200,0.014999999664723873,0.014999999664723873,0.014999999664723873
23-10-2017,0.014999999664723873,0.014999999664723873,0,0.014999999664723873,0.014999999664723873,0.014999999664723873
24-10-2017,0.014999999664723873,0.014999999664723873,0,0.014999999664723873,0.014999999664723873,0.014999999664723873
25-10-2017,0.014600000344216824,0.014600000344216824,12000,0.014600000344216824,0.014600000344216824,0.014600000344216824
26-10-2017,0.009999999776482582,0.009999999776482582,100,0.009999999776482582,0.009999999776482582,0.009999999776482582
27-10-2017,0.009999999776482582,0.009999999776482582,0,0.009999999776482582,0.009999999776482582,0.009999999776482582
30-10-2017,0.009999999776482582,0.009999999776482582,0,0.009999999776482582,0.009999999776482582,0.009999999776482582
31-10-2017,0.009999999776482582,0.009999999776482582,0,0.009999999776482582,0.009999999776482582,0.009999999776482582
01-11-2017,0.009999999776482582,0.009999999776482582,0,0.009999999776482582,0.009999999776482582,0.009999999776482582
02-11-2017,0.009999999776482582,0.009999999776482582,0,0.009999999776482582,0.009999999776482582,0.009999999776482582
03-11-2017,0.009999999776482582,0.009999999776482582,0,0.009999999776482582,0.009999999776482582,0.009999999776482582
06-11-2017,0.009999999776482582,0.009999999776482582,0,0.009999999776482582,0.009999999776482582,0.009999999776482582
07-11-2017,0.009999999776482582,0.009999999776482582,0,0.009999999776482582,0.009999999776482582,0.009999999776482582
08-11-2017,0.009999999776482582,0.009999999776482582,0,0.009999999776482582,0.009999999776482582,0.009999999776482582
09-11-2017,0.009999999776482582,0.009999999776482582,0,0.009999999776482582,0.009999999776482582,0.009999999776482582
10-11-2017,0.009999999776482582,0.009999999776482582,0,0.009999999776482582,0.009999999776482582,0.009999999776482582
13-11-2017,0.009999999776482582,0.009999999776482582,0,0.009999999776482582,0.009999999776482582,0.009999999776482582
14-11-2017,0.009999999776482582,0.009999999776482582,0,0.009999999776482582,0.009999999776482582,0.009999999776482582
15-11-2017,0.009999999776482582,0.009999999776482582,0,0.009999999776482582,0.009999999776482582,0.009999999776482582
16-11-2017,0.009999999776482582,0.009999999776482582,0,0.009999999776482582,0.009999999776482582,0.009999999776482582
17-11-2017,0.009999999776482582,0.009999999776482582,0,0.009999999776482582,0.009999999776482582,0.009999999776482582
20-11-2017,0.009999999776482582,0.009999999776482582,0,0.009999999776482582,0.009999999776482582,0.009999999776482582
21-11-2017,0.009999999776482582,0.009999999776482582,0,0.009999999776482582,0.009999999776482582,0.009999999776482582
22-11-2017,0.009999999776482582,0.009999999776482582,0,0.009999999776482582,0.009999999776482582,0.009999999776482582
24-11-2017,0.009999999776482582,0.009999999776482582,0,0.009999999776482582,0.009999999776482582,0.009999999776482582
27-11-2017,0.004999999888241291,0.009999999776482582,50000,0.009999999776482582,0.004999999888241291,0.004999999888241291
28-11-2017,0.004999999888241291,0.004999999888241291,0,0.004999999888241291,0.004999999888241291,0.004999999888241291
29-11-2017,0.004999999888241291,0.004999999888241291,0,0.004999999888241291,0.004999999888241291,0.004999999888241291
30-11-2017,0.004999999888241291,0.004999999888241291,0,0.004999999888241291,0.004999999888241291,0.004999999888241291
01-12-2017,0.004999999888241291,0.004999999888241291,0,0.004999999888241291,0.004999999888241291,0.004999999888241291
04-12-2017,0.004999999888241291,0.004999999888241291,0,0.004999999888241291,0.004999999888241291,0.004999999888241291
05-12-2017,0.004999999888241291,0.004999999888241291,0,0.004999999888241291,0.004999999888241291,0.004999999888241291
06-12-2017,0.004999999888241291,0.004999999888241291,0,0.004999999888241291,0.004999999888241291,0.004999999888241291
07-12-2017,0.004999999888241291,0.004999999888241291,0,0.004999999888241291,0.004999999888241291,0.004999999888241291
08-12-2017,0.004999999888241291,0.004999999888241291,0,0.004999999888241291,0.004999999888241291,0.004999999888241291
11-12-2017,0.004999999888241291,0.004999999888241291,0,0.004999999888241291,0.004999999888241291,0.004999999888241291
12-12-2017,0.004999999888241291,0.004999999888241291,0,0.004999999888241291,0.004999999888241291,0.004999999888241291
13-12-2017,0.004999999888241291,0.004999999888241291,0,0.004999999888241291,0.004999999888241291,0.004999999888241291
14-12-2017,0.004999999888241291,0.004999999888241291,0,0.004999999888241291,0.004999999888241291,0.004999999888241291
15-12-2017,0.004999999888241291,0.004999999888241291,0,0.004999999888241291,0.004999999888241291,0.004999999888241291
18-12-2017,0.004999999888241291,0.004999999888241291,1000,0.004999999888241291,0.004999999888241291,0.004999999888241291
19-12-2017,0.004999999888241291,0.004999999888241291,0,0.004999999888241291,0.004999999888241291,0.004999999888241291
20-12-2017,0.004999999888241291,0.004999999888241291,0,0.004999999888241291,0.004999999888241291,0.004999999888241291
21-12-2017,0.004999999888241291,0.004999999888241291,0,0.004999999888241291,0.004999999888241291,0.004999999888241291
22-12-2017,0.004999999888241291,0.004999999888241291,0,0.004999999888241291,0.004999999888241291,0.004999999888241291
26-12-2017,0.004999999888241291,0.004999999888241291,0,0.004999999888241291,0.004999999888241291,0.004999999888241291
27-12-2017,0.004999999888241291,0.004999999888241291,0,0.004999999888241291,0.004999999888241291,0.004999999888241291
28-12-2017,0.004999999888241291,0.004999999888241291,0,0.004999999888241291,0.004999999888241291,0.004999999888241291
29-12-2017,0.0010000000474974513,0.0010000000474974513,6500,0.0010000000474974513,0.0010000000474974513,0.0010000000474974513
02-01-2018,0.0010000000474974513,0.0010000000474974513,0,0.0010000000474974513,0.0010000000474974513,0.0010000000474974513
03-01-2018,0.0010000000474974513,0.0010000000474974513,0,0.0010000000474974513,0.0010000000474974513,0.0010000000474974513
04-01-2018,0.0010000000474974513,0.0010000000474974513,0,0.0010000000474974513,0.0010000000474974513,0.0010000000474974513
05-01-2018,0.0010000000474974513,0.0010000000474974513,0,0.0010000000474974513,0.0010000000474974513,0.0010000000474974513
08-01-2018,0.0010000000474974513,0.0010000000474974513,0,0.0010000000474974513,0.0010000000474974513,0.0010000000474974513
09-01-2018,0.0010000000474974513,0.0010000000474974513,0,0.0010000000474974513,0.0010000000474974513,0.0010000000474974513
10-01-2018,0.0010000000474974513,0.0010000000474974513,0,0.0010000000474974513,0.0010000000474974513,0.0010000000474974513
11-01-2018,0.0010000000474974513,0.0010000000474974513,0,0.0010000000474974513,0.0010000000474974513,0.0010000000474974513
12-01-2018,0.0017999999690800905,0.0017999999690800905,5316,0.0017999999690800905,0.0017999999690800905,0.0017999999690800905
16-01-2018,0.0017999999690800905,0.0017999999690800905,0,0.0017999999690800905,0.0017999999690800905,0.0017999999690800905
17-01-2018,0.0017999999690800905,0.0017999999690800905,0,0.0017999999690800905,0.0017999999690800905,0.0017999999690800905
18-01-2018,0.0017999999690800905,0.0017999999690800905,0,0.0017999999690800905,0.0017999999690800905,0.0017999999690800905
19-01-2018,0.0017999999690800905,0.0017999999690800905,0,0.0017999999690800905,0.0017999999690800905,0.0017999999690800905
22-01-2018,0.0017999999690800905,0.0017999999690800905,0,0.0017999999690800905,0.0017999999690800905,0.0017999999690800905
23-01-2018,0.0017999999690800905,0.0017999999690800905,0,0.0017999999690800905,0.0017999999690800905,0.0017999999690800905
24-01-2018,0.0017999999690800905,0.0017999999690800905,0,0.0017999999690800905,0.0017999999690800905,0.0017999999690800905
25-01-2018,0.0017999999690800905,0.0017999999690800905,0,0.0017999999690800905,0.0017999999690800905,0.0017999999690800905
26-01-2018,0.0017999999690800905,0.0017999999690800905,0,0.0017999999690800905,0.0017999999690800905,0.0017999999690800905
29-01-2018,0.0017999999690800905,0.0017999999690800905,0,0.0017999999690800905,0.0017999999690800905,0.0017999999690800905
30-01-2018,0.0017999999690800905,0.0017999999690800905,0,0.0017999999690800905,0.0017999999690800905,0.0017999999690800905
31-01-2018,0.0017999999690800905,0.0017999999690800905,0,0.0017999999690800905,0.0017999999690800905,0.0017999999690800905
01-02-2018,0.0017999999690800905,0.0017999999690800905,0,0.0017999999690800905,0.0017999999690800905,0.0017999999690800905
02-02-2018,0.0017999999690800905,0.0017999999690800905,0,0.0017999999690800905,0.0017999999690800905,0.0017999999690800905
05-02-2018,0.0017999999690800905,0.0017999999690800905,0,0.0017999999690800905,0.0017999999690800905,0.0017999999690800905
06-02-2018,0.0017999999690800905,0.0017999999690800905,0,0.0017999999690800905,0.0017999999690800905,0.0017999999690800905
07-02-2018,0.0017999999690800905,0.0017999999690800905,0,0.0017999999690800905,0.0017999999690800905,0.0017999999690800905
08-02-2018,0.0017999999690800905,0.0017999999690800905,0,0.0017999999690800905,0.0017999999690800905,0.0017999999690800905
09-02-2018,0.0017999999690800905,0.0017999999690800905,0,0.0017999999690800905,0.0017999999690800905,0.0017999999690800905
12-02-2018,0.0017999999690800905,0.0017999999690800905,0,0.0017999999690800905,0.0017999999690800905,0.0017999999690800905
13-02-2018,0.0017999999690800905,0.0017999999690800905,0,0.0017999999690800905,0.0017999999690800905,0.0017999999690800905
14-02-2018,0.0017999999690800905,0.0017999999690800905,0,0.0017999999690800905,0.0017999999690800905,0.0017999999690800905
15-02-2018,0.0017999999690800905,0.0017999999690800905,0,0.0017999999690800905,0.0017999999690800905,0.0017999999690800905
16-02-2018,0.0017999999690800905,0.0017999999690800905,0,0.0017999999690800905,0.0017999999690800905,0.0017999999690800905
20-02-2018,0.0017999999690800905,0.0017999999690800905,0,0.0017999999690800905,0.0017999999690800905,0.0017999999690800905
21-02-2018,0.0017999999690800905,0.0017999999690800905,0,0.0017999999690800905,0.0017999999690800905,0.0017999999690800905
22-02-2018,0.0017999999690800905,0.0017999999690800905,0,0.0017999999690800905,0.0017999999690800905,0.0017999999690800905
23-02-2018,0.0017999999690800905,0.0017999999690800905,0,0.0017999999690800905,0.0017999999690800905,0.0017999999690800905
26-02-2018,0.0017999999690800905,0.0017999999690800905,0,0.0017999999690800905,0.0017999999690800905,0.0017999999690800905
27-02-2018,0.0017999999690800905,0.0017999999690800905,0,0.0017999999690800905,0.0017999999690800905,0.0017999999690800905
28-02-2018,0.0017999999690800905,0.0017999999690800905,0,0.0017999999690800905,0.0017999999690800905,0.0017999999690800905
01-03-2018,0.0017999999690800905,0.0017999999690800905,0,0.0017999999690800905,0.0017999999690800905,0.0017999999690800905
02-03-2018,0.0017999999690800905,0.0017999999690800905,0,0.0017999999690800905,0.0017999999690800905,0.0017999999690800905
05-03-2018,0.0017999999690800905,0.0017999999690800905,0,0.0017999999690800905,0.0017999999690800905,0.0017999999690800905
06-03-2018,0.0017999999690800905,0.0017999999690800905,0,0.0017999999690800905,0.0017999999690800905,0.0017999999690800905
07-03-2018,0.0017999999690800905,0.0017999999690800905,0,0.0017999999690800905,0.0017999999690800905,0.0017999999690800905
08-03-2018,0.0017999999690800905,0.0017999999690800905,0,0.0017999999690800905,0.0017999999690800905,0.0017999999690800905
09-03-2018,0.0017999999690800905,0.0017999999690800905,0,0.0017999999690800905,0.0017999999690800905,0.0017999999690800905
12-03-2018,0.0017999999690800905,0.0017999999690800905,0,0.0017999999690800905,0.0017999999690800905,0.0017999999690800905
13-03-2018,0.0017999999690800905,0.0017999999690800905,0,0.0017999999690800905,0.0017999999690800905,0.0017999999690800905
14-03-2018,0.0017999999690800905,0.0017999999690800905,0,0.0017999999690800905,0.0017999999690800905,0.0017999999690800905
15-03-2018,0.0017999999690800905,0.0017999999690800905,0,0.0017999999690800905,0.0017999999690800905,0.0017999999690800905
16-03-2018,0.0017999999690800905,0.0017999999690800905,0,0.0017999999690800905,0.0017999999690800905,0.0017999999690800905
19-03-2018,0.0017999999690800905,0.0017999999690800905,0,0.0017999999690800905,0.0017999999690800905,0.0017999999690800905
20-03-2018,0.0017999999690800905,0.0017999999690800905,0,0.0017999999690800905,0.0017999999690800905,0.0017999999690800905
21-03-2018,0.0017999999690800905,0.0017999999690800905,0,0.0017999999690800905,0.0017999999690800905,0.0017999999690800905
22-03-2018,0.0017999999690800905,0.0017999999690800905,0,0.0017999999690800905,0.0017999999690800905,0.0017999999690800905
23-03-2018,0.0017999999690800905,0.0017999999690800905,0,0.0017999999690800905,0.0017999999690800905,0.0017999999690800905
26-03-2018,0.0017999999690800905,0.0017999999690800905,0,0.0017999999690800905,0.0017999999690800905,0.0017999999690800905
27-03-2018,0.0017999999690800905,0.0017999999690800905,0,0.0017999999690800905,0.0017999999690800905,0.0017999999690800905
28-03-2018,0.0017999999690800905,0.0017999999690800905,0,0.0017999999690800905,0.0017999999690800905,0.0017999999690800905
29-03-2018,0.0017999999690800905,0.0017999999690800905,0,0.0017999999690800905,0.0017999999690800905,0.0017999999690800905
02-04-2018,0.0017999999690800905,0.0017999999690800905,0,0.0017999999690800905,0.0017999999690800905,0.0017999999690800905
03-04-2018,0.0017999999690800905,0.0017999999690800905,0,0.0017999999690800905,0.0017999999690800905,0.0017999999690800905
04-04-2018,0.0017999999690800905,0.0017999999690800905,0,0.0017999999690800905,0.0017999999690800905,0.0017999999690800905
05-04-2018,0.0017999999690800905,0.0017999999690800905,0,0.0017999999690800905,0.0017999999690800905,0.0017999999690800905
06-04-2018,0.0017999999690800905,0.0017999999690800905,0,0.0017999999690800905,0.0017999999690800905,0.0017999999690800905
09-04-2018,0.0017999999690800905,0.0017999999690800905,0,0.0017999999690800905,0.0017999999690800905,0.0017999999690800905
10-04-2018,0.0017999999690800905,0.0017999999690800905,0,0.0017999999690800905,0.0017999999690800905,0.0017999999690800905
11-04-2018,0.0017999999690800905,0.0017999999690800905,0,0.0017999999690800905,0.0017999999690800905,0.0017999999690800905
12-04-2018,0.0017000000225380063,0.0017000000225380063,30000,0.0017000000225380063,0.0017000000225380063,0.0017000000225380063
13-04-2018,0.0017000000225380063,0.0017000000225380063,0,0.0017000000225380063,0.0017000000225380063,0.0017000000225380063
16-04-2018,0.0017000000225380063,0.0017000000225380063,0,0.0017000000225380063,0.0017000000225380063,0.0017000000225380063
17-04-2018,0.0017000000225380063,0.0017000000225380063,0,0.0017000000225380063,0.0017000000225380063,0.0017000000225380063
18-04-2018,0.0017000000225380063,0.0017000000225380063,0,0.0017000000225380063,0.0017000000225380063,0.0017000000225380063
19-04-2018,0.0017000000225380063,0.0017000000225380063,0,0.0017000000225380063,0.0017000000225380063,0.0017000000225380063
20-04-2018,0.001500000013038516,0.0017000000225380063,800000,0.0017000000225380063,0.001500000013038516,0.001500000013038516
23-04-2018,0.001500000013038516,0.001500000013038516,0,0.001500000013038516,0.001500000013038516,0.001500000013038516
24-04-2018,0.001500000013038516,0.001500000013038516,0,0.001500000013038516,0.001500000013038516,0.001500000013038516
25-04-2018,0.001500000013038516,0.001500000013038516,0,0.001500000013038516,0.001500000013038516,0.001500000013038516
26-04-2018,0.001500000013038516,0.001500000013038516,0,0.001500000013038516,0.001500000013038516,0.001500000013038516
27-04-2018,0.001500000013038516,0.001500000013038516,0,0.001500000013038516,0.001500000013038516,0.001500000013038516
30-04-2018,0.001500000013038516,0.001500000013038516,0,0.001500000013038516,0.001500000013038516,0.001500000013038516
01-05-2018,0.001500000013038516,0.001500000013038516,0,0.001500000013038516,0.001500000013038516,0.001500000013038516
02-05-2018,0.001500000013038516,0.001500000013038516,0,0.001500000013038516,0.001500000013038516,0.001500000013038516
03-05-2018,0.001500000013038516,0.001500000013038516,0,0.001500000013038516,0.001500000013038516,0.001500000013038516
04-05-2018,0.001500000013038516,0.001500000013038516,0,0.001500000013038516,0.001500000013038516,0.001500000013038516
07-05-2018,0.0015999999595806003,0.0015999999595806003,16000,0.0015999999595806003,0.0015999999595806003,0.0015999999595806003
08-05-2018,0.0015999999595806003,0.0015999999595806003,0,0.0015999999595806003,0.0015999999595806003,0.0015999999595806003
09-05-2018,0.0015999999595806003,0.0015999999595806003,0,0.0015999999595806003,0.0015999999595806003,0.0015999999595806003
10-05-2018,0.0015999999595806003,0.0015999999595806003,0,0.0015999999595806003,0.0015999999595806003,0.0015999999595806003
11-05-2018,0.0015999999595806003,0.0015999999595806003,0,0.0015999999595806003,0.0015999999595806003,0.0015999999595806003
14-05-2018,0.0015999999595806003,0.0015999999595806003,0,0.0015999999595806003,0.0015999999595806003,0.0015999999595806003
15-05-2018,0.0015999999595806003,0.0015999999595806003,0,0.0015999999595806003,0.0015999999595806003,0.0015999999595806003
16-05-2018,0.0015999999595806003,0.0015999999595806003,0,0.0015999999595806003,0.0015999999595806003,0.0015999999595806003
17-05-2018,0.0015999999595806003,0.0015999999595806003,0,0.0015999999595806003,0.0015999999595806003,0.0015999999595806003
18-05-2018,0.0015999999595806003,0.0015999999595806003,0,0.0015999999595806003,0.0015999999595806003,0.0015999999595806003
21-05-2018,0.0015999999595806003,0.0015999999595806003,0,0.0015999999595806003,0.0015999999595806003,0.0015999999595806003
22-05-2018,0.0015999999595806003,0.0015999999595806003,0,0.0015999999595806003,0.0015999999595806003,0.0015999999595806003
23-05-2018,0.0015999999595806003,0.0015999999595806003,0,0.0015999999595806003,0.0015999999595806003,0.0015999999595806003
24-05-2018,0.0015999999595806003,0.0015999999595806003,0,0.0015999999595806003,0.0015999999595806003,0.0015999999595806003
25-05-2018,0.0015999999595806003,0.0015999999595806003,0,0.0015999999595806003,0.0015999999595806003,0.0015999999595806003
29-05-2018,0.0015999999595806003,0.0015999999595806003,0,0.0015999999595806003,0.0015999999595806003,0.0015999999595806003
30-05-2018,0.0015999999595806003,0.0015999999595806003,0,0.0015999999595806003,0.0015999999595806003,0.0015999999595806003
31-05-2018,0.0015999999595806003,0.0015999999595806003,0,0.0015999999595806003,0.0015999999595806003,0.0015999999595806003
01-06-2018,0.0015999999595806003,0.0015999999595806003,0,0.0015999999595806003,0.0015999999595806003,0.0015999999595806003
04-06-2018,0.0015999999595806003,0.0015999999595806003,0,0.0015999999595806003,0.0015999999595806003,0.0015999999595806003
05-06-2018,0.0015999999595806003,0.0015999999595806003,0,0.0015999999595806003,0.0015999999595806003,0.0015999999595806003
06-06-2018,0.0015999999595806003,0.0015999999595806003,0,0.0015999999595806003,0.0015999999595806003,0.0015999999595806003
07-06-2018,0.0015999999595806003,0.0015999999595806003,0,0.0015999999595806003,0.0015999999595806003,0.0015999999595806003
08-06-2018,0.0015999999595806003,0.0015999999595806003,0,0.0015999999595806003,0.0015999999595806003,0.0015999999595806003
11-06-2018,0.0015999999595806003,0.0015999999595806003,0,0.0015999999595806003,0.0015999999595806003,0.0015999999595806003
12-06-2018,0.0015999999595806003,0.0015999999595806003,0,0.0015999999595806003,0.0015999999595806003,0.0015999999595806003
13-06-2018,0.0015999999595806003,0.0015999999595806003,0,0.0015999999595806003,0.0015999999595806003,0.0015999999595806003
14-06-2018,0.0015999999595806003,0.0015999999595806003,0,0.0015999999595806003,0.0015999999595806003,0.0015999999595806003
15-06-2018,0.0017999999690800905,0.0017999999690800905,10000,0.0017999999690800905,0.0017999999690800905,0.0017999999690800905
18-06-2018,0.0017999999690800905,0.0017999999690800905,0,0.0017999999690800905,0.0017999999690800905,0.0017999999690800905
19-06-2018,0.0017999999690800905,0.0017999999690800905,0,0.0017999999690800905,0.0017999999690800905,0.0017999999690800905
20-06-2018,0.0017999999690800905,0.0017999999690800905,0,0.0017999999690800905,0.0017999999690800905,0.0017999999690800905
21-06-2018,0.0017999999690800905,0.0017999999690800905,0,0.0017999999690800905,0.0017999999690800905,0.0017999999690800905
22-06-2018,0.0017999999690800905,0.0017999999690800905,0,0.0017999999690800905,0.0017999999690800905,0.0017999999690800905
25-06-2018,0.0017999999690800905,0.0017999999690800905,0,0.0017999999690800905,0.0017999999690800905,0.0017999999690800905
26-06-2018,0.0017999999690800905,0.0017999999690800905,0,0.0017999999690800905,0.0017999999690800905,0.0017999999690800905
27-06-2018,0.0017999999690800905,0.0017999999690800905,0,0.0017999999690800905,0.0017999999690800905,0.0017999999690800905
28-06-2018,0.0017999999690800905,0.0017999999690800905,0,0.0017999999690800905,0.0017999999690800905,0.0017999999690800905
29-06-2018,0.0017999999690800905,0.0017999999690800905,0,0.0017999999690800905,0.0017999999690800905,0.0017999999690800905
02-07-2018,0.0017999999690800905,0.0017999999690800905,0,0.0017999999690800905,0.0017999999690800905,0.0017999999690800905
03-07-2018,0.0017999999690800905,0.0017999999690800905,0,0.0017999999690800905,0.0017999999690800905,0.0017999999690800905
05-07-2018,0.0017999999690800905,0.0017999999690800905,0,0.0017999999690800905,0.0017999999690800905,0.0017999999690800905
06-07-2018,0.0017999999690800905,0.0017999999690800905,0,0.0017999999690800905,0.0017999999690800905,0.0017999999690800905
09-07-2018,0.0017999999690800905,0.0017999999690800905,0,0.0017999999690800905,0.0017999999690800905,0.0017999999690800905
10-07-2018,0.0017999999690800905,0.0017999999690800905,0,0.0017999999690800905,0.0017999999690800905,0.0017999999690800905
11-07-2018,0.0017999999690800905,0.0017999999690800905,0,0.0017999999690800905,0.0017999999690800905,0.0017999999690800905
12-07-2018,0.0017999999690800905,0.0017999999690800905,0,0.0017999999690800905,0.0017999999690800905,0.0017999999690800905
13-07-2018,0.0017999999690800905,0.0017999999690800905,0,0.0017999999690800905,0.0017999999690800905,0.0017999999690800905
16-07-2018,0.0017999999690800905,0.0017999999690800905,0,0.0017999999690800905,0.0017999999690800905,0.0017999999690800905
17-07-2018,0.0017999999690800905,0.0017999999690800905,0,0.0017999999690800905,0.0017999999690800905,0.0017999999690800905
18-07-2018,0.0017999999690800905,0.0017999999690800905,0,0.0017999999690800905,0.0017999999690800905,0.0017999999690800905
19-07-2018,0.0017999999690800905,0.0017999999690800905,0,0.0017999999690800905,0.0017999999690800905,0.0017999999690800905
20-07-2018,0.0017999999690800905,0.0017999999690800905,0,0.0017999999690800905,0.0017999999690800905,0.0017999999690800905
23-07-2018,0.0017999999690800905,0.0017999999690800905,0,0.0017999999690800905,0.0017999999690800905,0.0017999999690800905
24-07-2018,0.0017999999690800905,0.0017999999690800905,0,0.0017999999690800905,0.0017999999690800905,0.0017999999690800905
25-07-2018,0.0017999999690800905,0.0017999999690800905,0,0.0017999999690800905,0.0017999999690800905,0.0017999999690800905
26-07-2018,0.0017999999690800905,0.0017999999690800905,0,0.0017999999690800905,0.0017999999690800905,0.0017999999690800905
27-07-2018,0.0017999999690800905,0.0017999999690800905,0,0.0017999999690800905,0.0017999999690800905,0.0017999999690800905
30-07-2018,0.0017999999690800905,0.0017999999690800905,0,0.0017999999690800905,0.0017999999690800905,0.0017999999690800905
31-07-2018,0.0017999999690800905,0.0017999999690800905,0,0.0017999999690800905,0.0017999999690800905,0.0017999999690800905
01-08-2018,0.0017999999690800905,0.0017999999690800905,0,0.0017999999690800905,0.0017999999690800905,0.0017999999690800905
02-08-2018,0.0017999999690800905,0.0017999999690800905,0,0.0017999999690800905,0.0017999999690800905,0.0017999999690800905
03-08-2018,0.0012000000569969416,0.001500000013038516,97000,0.001500000013038516,0.0012000000569969416,0.0012000000569969416
06-08-2018,0.0012000000569969416,0.0012000000569969416,0,0.0012000000569969416,0.0012000000569969416,0.0012000000569969416
07-08-2018,0.0012000000569969416,0.0012000000569969416,0,0.0012000000569969416,0.0012000000569969416,0.0012000000569969416
08-08-2018,0.0012000000569969416,0.0012000000569969416,0,0.0012000000569969416,0.0012000000569969416,0.0012000000569969416
09-08-2018,0.0012000000569969416,0.0012000000569969416,0,0.0012000000569969416,0.0012000000569969416,0.0012000000569969416
10-08-2018,0.0012000000569969416,0.0012000000569969416,0,0.0012000000569969416,0.0012000000569969416,0.0012000000569969416
13-08-2018,0.0012000000569969416,0.0012000000569969416,0,0.0012000000569969416,0.0012000000569969416,0.0012000000569969416
14-08-2018,0.0012000000569969416,0.0012000000569969416,0,0.0012000000569969416,0.0012000000569969416,0.0012000000569969416
15-08-2018,0.0012000000569969416,0.0012000000569969416,0,0.0012000000569969416,0.0012000000569969416,0.0012000000569969416
16-08-2018,0.0012000000569969416,0.0012000000569969416,0,0.0012000000569969416,0.0012000000569969416,0.0012000000569969416
17-08-2018,0.0012000000569969416,0.0012000000569969416,0,0.0012000000569969416,0.0012000000569969416,0.0012000000569969416
20-08-2018,0.0012000000569969416,0.0012000000569969416,0,0.0012000000569969416,0.0012000000569969416,0.0012000000569969416
21-08-2018,0.0012000000569969416,0.0012000000569969416,0,0.0012000000569969416,0.0012000000569969416,0.0012000000569969416
22-08-2018,0.0012000000569969416,0.0012000000569969416,0,0.0012000000569969416,0.0012000000569969416,0.0012000000569969416
23-08-2018,0.0012000000569969416,0.0012000000569969416,0,0.0012000000569969416,0.0012000000569969416,0.0012000000569969416
24-08-2018,0.0012000000569969416,0.0012000000569969416,0,0.0012000000569969416,0.0012000000569969416,0.0012000000569969416
27-08-2018,0.0012000000569969416,0.0012000000569969416,0,0.0012000000569969416,0.0012000000569969416,0.0012000000569969416
28-08-2018,0.0012000000569969416,0.0012000000569969416,1000,0.0012000000569969416,0.0012000000569969416,0.0012000000569969416
29-08-2018,0.0012000000569969416,0.0012000000569969416,0,0.0012000000569969416,0.0012000000569969416,0.0012000000569969416
30-08-2018,0.0012000000569969416,0.0012000000569969416,0,0.0012000000569969416,0.0012000000569969416,0.0012000000569969416
31-08-2018,0.0012000000569969416,0.0012000000569969416,0,0.0012000000569969416,0.0012000000569969416,0.0012000000569969416
04-09-2018,0.0012000000569969416,0.0012000000569969416,0,0.0012000000569969416,0.0012000000569969416,0.0012000000569969416
05-09-2018,0.0012000000569969416,0.0012000000569969416,0,0.0012000000569969416,0.0012000000569969416,0.0012000000569969416
06-09-2018,0.0012000000569969416,0.0012000000569969416,0,0.0012000000569969416,0.0012000000569969416,0.0012000000569969416
07-09-2018,0.0012000000569969416,0.0012000000569969416,0,0.0012000000569969416,0.0012000000569969416,0.0012000000569969416
10-09-2018,0.0012000000569969416,0.0012000000569969416,0,0.0012000000569969416,0.0012000000569969416,0.0012000000569969416
11-09-2018,0.0012000000569969416,0.0012000000569969416,0,0.0012000000569969416,0.0012000000569969416,0.0012000000569969416
12-09-2018,0.0012000000569969416,0.0012000000569969416,0,0.0012000000569969416,0.0012000000569969416,0.0012000000569969416
13-09-2018,0.0012000000569969416,0.0012000000569969416,0,0.0012000000569969416,0.0012000000569969416,0.0012000000569969416
14-09-2018,0.0012000000569969416,0.0012000000569969416,0,0.0012000000569969416,0.0012000000569969416,0.0012000000569969416
17-09-2018,0.0012000000569969416,0.0012000000569969416,0,0.0012000000569969416,0.0012000000569969416,0.0012000000569969416
18-09-2018,0.0012000000569969416,0.0012000000569969416,0,0.0012000000569969416,0.0012000000569969416,0.0012000000569969416
19-09-2018,0.0012000000569969416,0.0012000000569969416,0,0.0012000000569969416,0.0012000000569969416,0.0012000000569969416
20-09-2018,0.0012000000569969416,0.0012000000569969416,0,0.0012000000569969416,0.0012000000569969416,0.0012000000569969416
21-09-2018,0.0012000000569969416,0.0012000000569969416,0,0.0012000000569969416,0.0012000000569969416,0.0012000000569969416
24-09-2018,0.0012000000569969416,0.0012000000569969416,0,0.0012000000569969416,0.0012000000569969416,0.0012000000569969416
25-09-2018,0.0012000000569969416,0.0012000000569969416,0,0.0012000000569969416,0.0012000000569969416,0.0012000000569969416
26-09-2018,0.0012000000569969416,0.0012000000569969416,0,0.0012000000569969416,0.0012000000569969416,0.0012000000569969416
27-09-2018,0.0012000000569969416,0.0012000000569969416,0,0.0012000000569969416,0.0012000000569969416,0.0012000000569969416
28-09-2018,0.0012000000569969416,0.0012000000569969416,0,0.0012000000569969416,0.0012000000569969416,0.0012000000569969416
01-10-2018,0.0012000000569969416,0.0012000000569969416,0,0.0012000000569969416,0.0012000000569969416,0.0012000000569969416
02-10-2018,0.0012000000569969416,0.0012000000569969416,0,0.0012000000569969416,0.0012000000569969416,0.0012000000569969416
03-10-2018,0.0012000000569969416,0.0012000000569969416,0,0.0012000000569969416,0.0012000000569969416,0.0012000000569969416
04-10-2018,0.0012000000569969416,0.0012000000569969416,0,0.0012000000569969416,0.0012000000569969416,0.0012000000569969416
05-10-2018,0.0012000000569969416,0.0012000000569969416,0,0.0012000000569969416,0.0012000000569969416,0.0012000000569969416
08-10-2018,0.0012000000569969416,0.0012000000569969416,0,0.0012000000569969416,0.0012000000569969416,0.0012000000569969416
09-10-2018,0.0012799999676644802,0.0012799999676644802,10000,0.0012799999676644802,0.0012799999676644802,0.0012799999676644802
10-10-2018,0.0012799999676644802,0.0012799999676644802,0,0.0012799999676644802,0.0012799999676644802,0.0012799999676644802
11-10-2018,0.0012799999676644802,0.0012799999676644802,0,0.0012799999676644802,0.0012799999676644802,0.0012799999676644802
12-10-2018,0.0012799999676644802,0.0012799999676644802,0,0.0012799999676644802,0.0012799999676644802,0.0012799999676644802
15-10-2018,0.0012799999676644802,0.0012799999676644802,0,0.0012799999676644802,0.0012799999676644802,0.0012799999676644802
16-10-2018,0.0020000000949949026,0.0020000000949949026,20000,0.0020000000949949026,0.0020000000949949026,0.0020000000949949026
17-10-2018,0.0020000000949949026,0.0020000000949949026,0,0.0020000000949949026,0.0020000000949949026,0.0020000000949949026
18-10-2018,0.0020000000949949026,0.0020000000949949026,0,0.0020000000949949026,0.0020000000949949026,0.0020000000949949026
19-10-2018,0.0020000000949949026,0.0020000000949949026,0,0.0020000000949949026,0.0020000000949949026,0.0020000000949949026
22-10-2018,0.0020000000949949026,0.0020000000949949026,0,0.0020000000949949026,0.0020000000949949026,0.0020000000949949026
23-10-2018,0.0020000000949949026,0.0020000000949949026,0,0.0020000000949949026,0.0020000000949949026,0.0020000000949949026
24-10-2018,0.0020000000949949026,0.0020000000949949026,0,0.0020000000949949026,0.0020000000949949026,0.0020000000949949026
25-10-2018,0.0020000000949949026,0.0020000000949949026,0,0.0020000000949949026,0.0020000000949949026,0.0020000000949949026
26-10-2018,0.0020000000949949026,0.0020000000949949026,0,0.0020000000949949026,0.0020000000949949026,0.0020000000949949026
29-10-2018,0.0020000000949949026,0.0020000000949949026,0,0.0020000000949949026,0.0020000000949949026,0.0020000000949949026
30-10-2018,0.0020000000949949026,0.0020000000949949026,1000,0.0020000000949949026,0.0020000000949949026,0.0020000000949949026
31-10-2018,0.0020000000949949026,0.0020000000949949026,0,0.0020000000949949026,0.0020000000949949026,0.0020000000949949026
01-11-2018,0.0020000000949949026,0.0020000000949949026,0,0.0020000000949949026,0.0020000000949949026,0.0020000000949949026
02-11-2018,0.0020000000949949026,0.0020000000949949026,0,0.0020000000949949026,0.0020000000949949026,0.0020000000949949026
05-11-2018,0.0020000000949949026,0.0020000000949949026,0,0.0020000000949949026,0.0020000000949949026,0.0020000000949949026
06-11-2018,0.0020000000949949026,0.0020000000949949026,0,0.0020000000949949026,0.0020000000949949026,0.0020000000949949026
07-11-2018,0.0020000000949949026,0.0020000000949949026,0,0.0020000000949949026,0.0020000000949949026,0.0020000000949949026
08-11-2018,0.0020000000949949026,0.0020000000949949026,0,0.0020000000949949026,0.0020000000949949026,0.0020000000949949026
09-11-2018,0.0020000000949949026,0.0020000000949949026,0,0.0020000000949949026,0.0020000000949949026,0.0020000000949949026
12-11-2018,0.0020000000949949026,0.0020000000949949026,0,0.0020000000949949026,0.0020000000949949026,0.0020000000949949026
13-11-2018,0.0020000000949949026,0.0020000000949949026,0,0.0020000000949949026,0.0020000000949949026,0.0020000000949949026
14-11-2018,0.0020000000949949026,0.0020000000949949026,0,0.0020000000949949026,0.0020000000949949026,0.0020000000949949026
15-11-2018,0.0020000000949949026,0.0020000000949949026,0,0.0020000000949949026,0.0020000000949949026,0.0020000000949949026
16-11-2018,0.0020000000949949026,0.0020000000949949026,0,0.0020000000949949026,0.0020000000949949026,0.0020000000949949026
19-11-2018,0.0020000000949949026,0.0020000000949949026,0,0.0020000000949949026,0.0020000000949949026,0.0020000000949949026
20-11-2018,0.0020000000949949026,0.0020000000949949026,0,0.0020000000949949026,0.0020000000949949026,0.0020000000949949026
21-11-2018,0.0020000000949949026,0.0020000000949949026,0,0.0020000000949949026,0.0020000000949949026,0.0020000000949949026
23-11-2018,0.0020000000949949026,0.0020000000949949026,0,0.0020000000949949026,0.0020000000949949026,0.0020000000949949026
26-11-2018,0.0020000000949949026,0.0020000000949949026,0,0.0020000000949949026,0.0020000000949949026,0.0020000000949949026
27-11-2018,0.0020000000949949026,0.0020000000949949026,0,0.0020000000949949026,0.0020000000949949026,0.0020000000949949026
28-11-2018,0.0020000000949949026,0.0020000000949949026,0,0.0020000000949949026,0.0020000000949949026,0.0020000000949949026
29-11-2018,0.0020000000949949026,0.0020000000949949026,0,0.0020000000949949026,0.0020000000949949026,0.0020000000949949026
30-11-2018,0.0020000000949949026,0.0020000000949949026,0,0.0020000000949949026,0.0020000000949949026,0.0020000000949949026
03-12-2018,0.0020000000949949026,0.0020000000949949026,0,0.0020000000949949026,0.0020000000949949026,0.0020000000949949026
04-12-2018,0.0020000000949949026,0.0020000000949949026,0,0.0020000000949949026,0.0020000000949949026,0.0020000000949949026
06-12-2018,0.0020000000949949026,0.0020000000949949026,0,0.0020000000949949026,0.0020000000949949026,0.0020000000949949026
07-12-2018,0.0020000000949949026,0.0020000000949949026,0,0.0020000000949949026,0.0020000000949949026,0.0020000000949949026
10-12-2018,0.0020000000949949026,0.0020000000949949026,0,0.0020000000949949026,0.0020000000949949026,0.0020000000949949026
11-12-2018,0.0020000000949949026,0.0020000000949949026,0,0.0020000000949949026,0.0020000000949949026,0.0020000000949949026
12-12-2018,0.0020000000949949026,0.0020000000949949026,0,0.0020000000949949026,0.0020000000949949026,0.0020000000949949026
13-12-2018,0.0020000000949949026,0.0020000000949949026,0,0.0020000000949949026,0.0020000000949949026,0.0020000000949949026
14-12-2018,0.0020000000949949026,0.0020000000949949026,0,0.0020000000949949026,0.0020000000949949026,0.0020000000949949026
17-12-2018,0.0020000000949949026,0.0020000000949949026,0,0.0020000000949949026,0.0020000000949949026,0.0020000000949949026
18-12-2018,0.0020000000949949026,0.0020000000949949026,0,0.0020000000949949026,0.0020000000949949026,0.0020000000949949026
19-12-2018,0.0020000000949949026,0.0020000000949949026,0,0.0020000000949949026,0.0020000000949949026,0.0020000000949949026
20-12-2018,0.0015999999595806003,0.0015999999595806003,28000,0.0015999999595806003,0.0015999999595806003,0.0015999999595806003
21-12-2018,0.0015999999595806003,0.0015999999595806003,0,0.0015999999595806003,0.0015999999595806003,0.0015999999595806003
24-12-2018,0.0015999999595806003,0.0015999999595806003,0,0.0015999999595806003,0.0015999999595806003,0.0015999999595806003
26-12-2018,0.0015999999595806003,0.0015999999595806003,0,0.0015999999595806003,0.0015999999595806003,0.0015999999595806003
27-12-2018,0.0015999999595806003,0.0015999999595806003,0,0.0015999999595806003,0.0015999999595806003,0.0015999999595806003
28-12-2018,0.0015999999595806003,0.0015999999595806003,0,0.0015999999595806003,0.0015999999595806003,0.0015999999595806003
31-12-2018,0.0015999999595806003,0.0015999999595806003,0,0.0015999999595806003,0.0015999999595806003,0.0015999999595806003
02-01-2019,0.0015999999595806003,0.0015999999595806003,0,0.0015999999595806003,0.0015999999595806003,0.0015999999595806003
03-01-2019,0.0015999999595806003,0.0015999999595806003,0,0.0015999999595806003,0.0015999999595806003,0.0015999999595806003
04-01-2019,0.0015999999595806003,0.0015999999595806003,0,0.0015999999595806003,0.0015999999595806003,0.0015999999595806003
07-01-2019,0.0015999999595806003,0.0015999999595806003,0,0.0015999999595806003,0.0015999999595806003,0.0015999999595806003
08-01-2019,0.0015999999595806003,0.0015999999595806003,0,0.0015999999595806003,0.0015999999595806003,0.0015999999595806003
09-01-2019,0.0015999999595806003,0.0015999999595806003,0,0.0015999999595806003,0.0015999999595806003,0.0015999999595806003
10-01-2019,0.0015999999595806003,0.0015999999595806003,0,0.0015999999595806003,0.0015999999595806003,0.0015999999595806003
11-01-2019,0.0015999999595806003,0.0015999999595806003,0,0.0015999999595806003,0.0015999999595806003,0.0015999999595806003
14-01-2019,0.0015999999595806003,0.0015999999595806003,0,0.0015999999595806003,0.0015999999595806003,0.0015999999595806003
15-01-2019,0.0015999999595806003,0.0015999999595806003,0,0.0015999999595806003,0.0015999999595806003,0.0015999999595806003
16-01-2019,0.0015999999595806003,0.0015999999595806003,0,0.0015999999595806003,0.0015999999595806003,0.0015999999595806003
17-01-2019,0.0015999999595806003,0.0015999999595806003,0,0.0015999999595806003,0.0015999999595806003,0.0015999999595806003
18-01-2019,0.0015999999595806003,0.0015999999595806003,0,0.0015999999595806003,0.0015999999595806003,0.0015999999595806003
22-01-2019,0.0018400000408291817,0.0018400000408291817,16000,0.0018400000408291817,0.0018400000408291817,0.0018400000408291817
23-01-2019,0.0018400000408291817,0.0018400000408291817,0,0.0018400000408291817,0.0018400000408291817,0.0018400000408291817
24-01-2019,0.0018400000408291817,0.0018400000408291817,0,0.0018400000408291817,0.0018400000408291817,0.0018400000408291817
25-01-2019,0.0018400000408291817,0.0018400000408291817,0,0.0018400000408291817,0.0018400000408291817,0.0018400000408291817
28-01-2019,0.0018400000408291817,0.0018400000408291817,0,0.0018400000408291817,0.0018400000408291817,0.0018400000408291817
29-01-2019,0.0015999999595806003,0.0015999999595806003,18000,0.0015999999595806003,0.0015999999595806003,0.0015999999595806003
30-01-2019,0.0015999999595806003,0.0015999999595806003,0,0.0015999999595806003,0.0015999999595806003,0.0015999999595806003
31-01-2019,0.0015999999595806003,0.0017000000225380063,85000,0.0017000000225380063,0.0015999999595806003,0.0015999999595806003
01-02-2019,0.0015999999595806003,0.0015999999595806003,63737,0.0015999999595806003,0.0015999999595806003,0.0015999999595806003
04-02-2019,0.0015999999595806003,0.0015999999595806003,0,0.0015999999595806003,0.0015999999595806003,0.0015999999595806003
05-02-2019,0.0015999999595806003,0.0015999999595806003,0,0.0015999999595806003,0.0015999999595806003,0.0015999999595806003
06-02-2019,0.0015999999595806003,0.0015999999595806003,0,0.0015999999595806003,0.0015999999595806003,0.0015999999595806003
07-02-2019,0.0015999999595806003,0.0015999999595806003,0,0.0015999999595806003,0.0015999999595806003,0.0015999999595806003
08-02-2019,0.0015999999595806003,0.0015999999595806003,0,0.0015999999595806003,0.0015999999595806003,0.0015999999595806003
11-02-2019,0.0015999999595806003,0.0015999999595806003,0,0.0015999999595806003,0.0015999999595806003,0.0015999999595806003
12-02-2019,0.0015999999595806003,0.0015999999595806003,0,0.0015999999595806003,0.0015999999595806003,0.0015999999595806003
13-02-2019,0.0015999999595806003,0.0015999999595806003,0,0.0015999999595806003,0.0015999999595806003,0.0015999999595806003
14-02-2019,0.0015999999595806003,0.0015999999595806003,0,0.0015999999595806003,0.0015999999595806003,0.0015999999595806003
15-02-2019,0.0015999999595806003,0.0015999999595806003,0,0.0015999999595806003,0.0015999999595806003,0.0015999999595806003
19-02-2019,0.0015999999595806003,0.0015999999595806003,0,0.0015999999595806003,0.0015999999595806003,0.0015999999595806003
20-02-2019,0.0015999999595806003,0.0015999999595806003,0,0.0015999999595806003,0.0015999999595806003,0.0015999999595806003
21-02-2019,0.0015999999595806003,0.0015999999595806003,0,0.0015999999595806003,0.0015999999595806003,0.0015999999595806003
22-02-2019,0.0015999999595806003,0.0015999999595806003,0,0.0015999999595806003,0.0015999999595806003,0.0015999999595806003
25-02-2019,0.0015999999595806003,0.0015999999595806003,0,0.0015999999595806003,0.0015999999595806003,0.0015999999595806003
26-02-2019,0.0015999999595806003,0.0015999999595806003,0,0.0015999999595806003,0.0015999999595806003,0.0015999999595806003
27-02-2019,0.0015999999595806003,0.0015999999595806003,0,0.0015999999595806003,0.0015999999595806003,0.0015999999595806003
28-02-2019,0.0015999999595806003,0.0015999999595806003,0,0.0015999999595806003,0.0015999999595806003,0.0015999999595806003
01-03-2019,0.0015999999595806003,0.0015999999595806003,0,0.0015999999595806003,0.0015999999595806003,0.0015999999595806003
04-03-2019,0.0015999999595806003,0.0015999999595806003,0,0.0015999999595806003,0.0015999999595806003,0.0015999999595806003
05-03-2019,0.0015999999595806003,0.0015999999595806003,0,0.0015999999595806003,0.0015999999595806003,0.0015999999595806003
06-03-2019,0.0015999999595806003,0.0015999999595806003,0,0.0015999999595806003,0.0015999999595806003,0.0015999999595806003
07-03-2019,0.0015999999595806003,0.0015999999595806003,0,0.0015999999595806003,0.0015999999595806003,0.0015999999595806003
08-03-2019,0.0015999999595806003,0.0015999999595806003,0,0.0015999999595806003,0.0015999999595806003,0.0015999999595806003
11-03-2019,0.0015999999595806003,0.0015999999595806003,0,0.0015999999595806003,0.0015999999595806003,0.0015999999595806003
12-03-2019,0.0015999999595806003,0.0015999999595806003,0,0.0015999999595806003,0.0015999999595806003,0.0015999999595806003
13-03-2019,0.0015999999595806003,0.0015999999595806003,0,0.0015999999595806003,0.0015999999595806003,0.0015999999595806003
14-03-2019,0.0015999999595806003,0.0015999999595806003,0,0.0015999999595806003,0.0015999999595806003,0.0015999999595806003
15-03-2019,0.0015999999595806003,0.0015999999595806003,0,0.0015999999595806003,0.0015999999595806003,0.0015999999595806003
18-03-2019,0.0015999999595806003,0.0015999999595806003,0,0.0015999999595806003,0.0015999999595806003,0.0015999999595806003
19-03-2019,0.0015999999595806003,0.0015999999595806003,0,0.0015999999595806003,0.0015999999595806003,0.0015999999595806003
20-03-2019,0.0015999999595806003,0.0015999999595806003,0,0.0015999999595806003,0.0015999999595806003,0.0015999999595806003
21-03-2019,0.0015999999595806003,0.0015999999595806003,0,0.0015999999595806003,0.0015999999595806003,0.0015999999595806003
22-03-2019,0.0015999999595806003,0.0015999999595806003,0,0.0015999999595806003,0.0015999999595806003,0.0015999999595806003
25-03-2019,0.0015999999595806003,0.0015999999595806003,0,0.0015999999595806003,0.0015999999595806003,0.0015999999595806003
26-03-2019,0.0015999999595806003,0.0015999999595806003,0,0.0015999999595806003,0.0015999999595806003,0.0015999999595806003
27-03-2019,0.0015999999595806003,0.0015999999595806003,0,0.0015999999595806003,0.0015999999595806003,0.0015999999595806003
28-03-2019,0.0015999999595806003,0.0015999999595806003,0,0.0015999999595806003,0.0015999999595806003,0.0015999999595806003
29-03-2019,0.0015999999595806003,0.0015999999595806003,0,0.0015999999595806003,0.0015999999595806003,0.0015999999595806003
01-04-2019,0.0015999999595806003,0.0015999999595806003,0,0.0015999999595806003,0.0015999999595806003,0.0015999999595806003
02-04-2019,0.0015999999595806003,0.0015999999595806003,0,0.0015999999595806003,0.0015999999595806003,0.0015999999595806003
03-04-2019,0.0015999999595806003,0.0015999999595806003,0,0.0015999999595806003,0.0015999999595806003,0.0015999999595806003
04-04-2019,0.0015999999595806003,0.0015999999595806003,0,0.0015999999595806003,0.0015999999595806003,0.0015999999595806003
05-04-2019,0.0015999999595806003,0.0015999999595806003,0,0.0015999999595806003,0.0015999999595806003,0.0015999999595806003
08-04-2019,0.0015999999595806003,0.0015999999595806003,0,0.0015999999595806003,0.0015999999595806003,0.0015999999595806003
09-04-2019,0.0015999999595806003,0.0015999999595806003,0,0.0015999999595806003,0.0015999999595806003,0.0015999999595806003
10-04-2019,0.0015999999595806003,0.0015999999595806003,0,0.0015999999595806003,0.0015999999595806003,0.0015999999595806003
11-04-2019,0.0015999999595806003,0.0015999999595806003,0,0.0015999999595806003,0.0015999999595806003,0.0015999999595806003
12-04-2019,0.0015999999595806003,0.0015999999595806003,0,0.0015999999595806003,0.0015999999595806003,0.0015999999595806003
15-04-2019,0.0015999999595806003,0.0015999999595806003,0,0.0015999999595806003,0.0015999999595806003,0.0015999999595806003
16-04-2019,0.0015999999595806003,0.0015999999595806003,0,0.0015999999595806003,0.0015999999595806003,0.0015999999595806003
17-04-2019,0.0015999999595806003,0.0015999999595806003,0,0.0015999999595806003,0.0015999999595806003,0.0015999999595806003
18-04-2019,0.0015999999595806003,0.0015999999595806003,0,0.0015999999595806003,0.0015999999595806003,0.0015999999595806003
22-04-2019,0.0015999999595806003,0.0015999999595806003,0,0.0015999999595806003,0.0015999999595806003,0.0015999999595806003
23-04-2019,0.0015999999595806003,0.0015999999595806003,0,0.0015999999595806003,0.0015999999595806003,0.0015999999595806003
24-04-2019,0.0015999999595806003,0.0015999999595806003,0,0.0015999999595806003,0.0015999999595806003,0.0015999999595806003
25-04-2019,0.0015999999595806003,0.0015999999595806003,0,0.0015999999595806003,0.0015999999595806003,0.0015999999595806003
26-04-2019,0.0015999999595806003,0.0015999999595806003,0,0.0015999999595806003,0.0015999999595806003,0.0015999999595806003
29-04-2019,0.0015999999595806003,0.0015999999595806003,0,0.0015999999595806003,0.0015999999595806003,0.0015999999595806003
30-04-2019,0.0015999999595806003,0.0015999999595806003,0,0.0015999999595806003,0.0015999999595806003,0.0015999999595806003
01-05-2019,0.0015999999595806003,0.0015999999595806003,0,0.0015999999595806003,0.0015999999595806003,0.0015999999595806003
02-05-2019,0.0015999999595806003,0.0015999999595806003,0,0.0015999999595806003,0.0015999999595806003,0.0015999999595806003
03-05-2019,0.0015999999595806003,0.0015999999595806003,0,0.0015999999595806003,0.0015999999595806003,0.0015999999595806003
06-05-2019,0.0015999999595806003,0.0015999999595806003,0,0.0015999999595806003,0.0015999999595806003,0.0015999999595806003
07-05-2019,0.0015999999595806003,0.0015999999595806003,0,0.0015999999595806003,0.0015999999595806003,0.0015999999595806003
08-05-2019,0.0015999999595806003,0.0015999999595806003,0,0.0015999999595806003,0.0015999999595806003,0.0015999999595806003
09-05-2019,0.0015999999595806003,0.0015999999595806003,0,0.0015999999595806003,0.0015999999595806003,0.0015999999595806003
10-05-2019,0.0015999999595806003,0.0015999999595806003,0,0.0015999999595806003,0.0015999999595806003,0.0015999999595806003
13-05-2019,0.0015999999595806003,0.0015999999595806003,0,0.0015999999595806003,0.0015999999595806003,0.0015999999595806003
14-05-2019,0.0015999999595806003,0.0015999999595806003,0,0.0015999999595806003,0.0015999999595806003,0.0015999999595806003
15-05-2019,0.0015999999595806003,0.0015999999595806003,0,0.0015999999595806003,0.0015999999595806003,0.0015999999595806003
16-05-2019,0.0015999999595806003,0.0015999999595806003,0,0.0015999999595806003,0.0015999999595806003,0.0015999999595806003
17-05-2019,0.0015999999595806003,0.0015999999595806003,0,0.0015999999595806003,0.0015999999595806003,0.0015999999595806003
20-05-2019,0.0015999999595806003,0.0015999999595806003,0,0.0015999999595806003,0.0015999999595806003,0.0015999999595806003
21-05-2019,0.0015999999595806003,0.0015999999595806003,0,0.0015999999595806003,0.0015999999595806003,0.0015999999595806003
22-05-2019,0.0015999999595806003,0.0015999999595806003,0,0.0015999999595806003,0.0015999999595806003,0.0015999999595806003
23-05-2019,0.0015999999595806003,0.0015999999595806003,0,0.0015999999595806003,0.0015999999595806003,0.0015999999595806003
24-05-2019,0.0015999999595806003,0.0015999999595806003,0,0.0015999999595806003,0.0015999999595806003,0.0015999999595806003
28-05-2019,0.0015999999595806003,0.0015999999595806003,0,0.0015999999595806003,0.0015999999595806003,0.0015999999595806003
29-05-2019,0.0015999999595806003,0.0015999999595806003,0,0.0015999999595806003,0.0015999999595806003,0.0015999999595806003
30-05-2019,0.0015999999595806003,0.0015999999595806003,0,0.0015999999595806003,0.0015999999595806003,0.0015999999595806003
31-05-2019,0.0015999999595806003,0.0015999999595806003,0,0.0015999999595806003,0.0015999999595806003,0.0015999999595806003
03-06-2019,0.0015999999595806003,0.0015999999595806003,0,0.0015999999595806003,0.0015999999595806003,0.0015999999595806003
04-06-2019,0.0015999999595806003,0.0015999999595806003,0,0.0015999999595806003,0.0015999999595806003,0.0015999999595806003
05-06-2019,0.0015999999595806003,0.0015999999595806003,0,0.0015999999595806003,0.0015999999595806003,0.0015999999595806003
06-06-2019,0.0015999999595806003,0.0015999999595806003,0,0.0015999999595806003,0.0015999999595806003,0.0015999999595806003
07-06-2019,0.0015999999595806003,0.0015999999595806003,0,0.0015999999595806003,0.0015999999595806003,0.0015999999595806003
10-06-2019,0.0015999999595806003,0.0015999999595806003,0,0.0015999999595806003,0.0015999999595806003,0.0015999999595806003
11-06-2019,0.0015999999595806003,0.0015999999595806003,0,0.0015999999595806003,0.0015999999595806003,0.0015999999595806003
12-06-2019,0.0015999999595806003,0.0015999999595806003,0,0.0015999999595806003,0.0015999999595806003,0.0015999999595806003
13-06-2019,0.0015999999595806003,0.0015999999595806003,0,0.0015999999595806003,0.0015999999595806003,0.0015999999595806003
14-06-2019,0.0015999999595806003,0.0015999999595806003,0,0.0015999999595806003,0.0015999999595806003,0.0015999999595806003
17-06-2019,0.0015999999595806003,0.0015999999595806003,0,0.0015999999595806003,0.0015999999595806003,0.0015999999595806003
18-06-2019,0.0015999999595806003,0.0015999999595806003,0,0.0015999999595806003,0.0015999999595806003,0.0015999999595806003
19-06-2019,0.0015999999595806003,0.0015999999595806003,0,0.0015999999595806003,0.0015999999595806003,0.0015999999595806003
20-06-2019,0.0015999999595806003,0.0015999999595806003,0,0.0015999999595806003,0.0015999999595806003,0.0015999999595806003
21-06-2019,0.0015999999595806003,0.0015999999595806003,0,0.0015999999595806003,0.0015999999595806003,0.0015999999595806003
24-06-2019,0.0015999999595806003,0.0015999999595806003,0,0.0015999999595806003,0.0015999999595806003,0.0015999999595806003
25-06-2019,0.0015999999595806003,0.0015999999595806003,0,0.0015999999595806003,0.0015999999595806003,0.0015999999595806003
26-06-2019,0.0015999999595806003,0.0015999999595806003,0,0.0015999999595806003,0.0015999999595806003,0.0015999999595806003
27-06-2019,0.0015999999595806003,0.0015999999595806003,0,0.0015999999595806003,0.0015999999595806003,0.0015999999595806003
28-06-2019,0.0015999999595806003,0.0015999999595806003,0,0.0015999999595806003,0.0015999999595806003,0.0015999999595806003
01-07-2019,0.0015999999595806003,0.0015999999595806003,0,0.0015999999595806003,0.0015999999595806003,0.0015999999595806003
02-07-2019,0.0015999999595806003,0.0015999999595806003,0,0.0015999999595806003,0.0015999999595806003,0.0015999999595806003
03-07-2019,0.0015999999595806003,0.0015999999595806003,0,0.0015999999595806003,0.0015999999595806003,0.0015999999595806003
05-07-2019,0.0015999999595806003,0.0015999999595806003,0,0.0015999999595806003,0.0015999999595806003,0.0015999999595806003
08-07-2019,0.0015999999595806003,0.0015999999595806003,0,0.0015999999595806003,0.0015999999595806003,0.0015999999595806003
09-07-2019,0.0015999999595806003,0.0015999999595806003,0,0.0015999999595806003,0.0015999999595806003,0.0015999999595806003
10-07-2019,0.0015999999595806003,0.0015999999595806003,0,0.0015999999595806003,0.0015999999595806003,0.0015999999595806003
11-07-2019,0.0015999999595806003,0.0015999999595806003,0,0.0015999999595806003,0.0015999999595806003,0.0015999999595806003
12-07-2019,0.0015999999595806003,0.0015999999595806003,0,0.0015999999595806003,0.0015999999595806003,0.0015999999595806003
15-07-2019,0.001500000013038516,0.001500000013038516,1000,0.001500000013038516,0.001500000013038516,0.001500000013038516
16-07-2019,0.001500000013038516,0.001500000013038516,0,0.001500000013038516,0.001500000013038516,0.001500000013038516
17-07-2019,0.001500000013038516,0.001500000013038516,0,0.001500000013038516,0.001500000013038516,0.001500000013038516
18-07-2019,0.001500000013038516,0.001500000013038516,0,0.001500000013038516,0.001500000013038516,0.001500000013038516
19-07-2019,0.001500000013038516,0.001500000013038516,0,0.001500000013038516,0.001500000013038516,0.001500000013038516
22-07-2019,0.001500000013038516,0.001500000013038516,0,0.001500000013038516,0.001500000013038516,0.001500000013038516
23-07-2019,0.001500000013038516,0.001500000013038516,0,0.001500000013038516,0.001500000013038516,0.001500000013038516
24-07-2019,0.001500000013038516,0.001500000013038516,0,0.001500000013038516,0.001500000013038516,0.001500000013038516
25-07-2019,0.001500000013038516,0.001500000013038516,0,0.001500000013038516,0.001500000013038516,0.001500000013038516
26-07-2019,0.001500000013038516,0.001500000013038516,0,0.001500000013038516,0.001500000013038516,0.001500000013038516
29-07-2019,0.001500000013038516,0.001500000013038516,0,0.001500000013038516,0.001500000013038516,0.001500000013038516
30-07-2019,0.001500000013038516,0.001500000013038516,0,0.001500000013038516,0.001500000013038516,0.001500000013038516
31-07-2019,0.001500000013038516,0.001500000013038516,0,0.001500000013038516,0.001500000013038516,0.001500000013038516
01-08-2019,0.001500000013038516,0.001500000013038516,0,0.001500000013038516,0.001500000013038516,0.001500000013038516
02-08-2019,0.001500000013038516,0.001500000013038516,0,0.001500000013038516,0.001500000013038516,0.001500000013038516
05-08-2019,0.001500000013038516,0.001500000013038516,0,0.001500000013038516,0.001500000013038516,0.001500000013038516
06-08-2019,0.001500000013038516,0.001500000013038516,0,0.001500000013038516,0.001500000013038516,0.001500000013038516
07-08-2019,0.001500000013038516,0.001500000013038516,0,0.001500000013038516,0.001500000013038516,0.001500000013038516
08-08-2019,0.001500000013038516,0.001500000013038516,0,0.001500000013038516,0.001500000013038516,0.001500000013038516
09-08-2019,0.001500000013038516,0.001500000013038516,0,0.001500000013038516,0.001500000013038516,0.001500000013038516
12-08-2019,0.001500000013038516,0.001500000013038516,0,0.001500000013038516,0.001500000013038516,0.001500000013038516
13-08-2019,0.001500000013038516,0.001500000013038516,0,0.001500000013038516,0.001500000013038516,0.001500000013038516
14-08-2019,0.001500000013038516,0.001500000013038516,0,0.001500000013038516,0.001500000013038516,0.001500000013038516
15-08-2019,0.001500000013038516,0.001500000013038516,0,0.001500000013038516,0.001500000013038516,0.001500000013038516
16-08-2019,0.001500000013038516,0.001500000013038516,0,0.001500000013038516,0.001500000013038516,0.001500000013038516
19-08-2019,0.001500000013038516,0.001500000013038516,0,0.001500000013038516,0.001500000013038516,0.001500000013038516
20-08-2019,0.001500000013038516,0.001500000013038516,0,0.001500000013038516,0.001500000013038516,0.001500000013038516
21-08-2019,0.001500000013038516,0.001500000013038516,0,0.001500000013038516,0.001500000013038516,0.001500000013038516
22-08-2019,0.001500000013038516,0.001500000013038516,0,0.001500000013038516,0.001500000013038516,0.001500000013038516
23-08-2019,0.001500000013038516,0.001500000013038516,0,0.001500000013038516,0.001500000013038516,0.001500000013038516
26-08-2019,0.001500000013038516,0.001500000013038516,0,0.001500000013038516,0.001500000013038516,0.001500000013038516
27-08-2019,0.001500000013038516,0.001500000013038516,0,0.001500000013038516,0.001500000013038516,0.001500000013038516
28-08-2019,0.001500000013038516,0.001500000013038516,0,0.001500000013038516,0.001500000013038516,0.001500000013038516
29-08-2019,0.001500000013038516,0.001500000013038516,0,0.001500000013038516,0.001500000013038516,0.001500000013038516
30-08-2019,0.001500000013038516,0.001500000013038516,0,0.001500000013038516,0.001500000013038516,0.001500000013038516
03-09-2019,0.001500000013038516,0.001500000013038516,0,0.001500000013038516,0.001500000013038516,0.001500000013038516
04-09-2019,0.001500000013038516,0.001500000013038516,0,0.001500000013038516,0.001500000013038516,0.001500000013038516
05-09-2019,0.001500000013038516,0.001500000013038516,0,0.001500000013038516,0.001500000013038516,0.001500000013038516
06-09-2019,0.001500000013038516,0.001500000013038516,0,0.001500000013038516,0.001500000013038516,0.001500000013038516
09-09-2019,0.001500000013038516,0.001500000013038516,0,0.001500000013038516,0.001500000013038516,0.001500000013038516
10-09-2019,0.001500000013038516,0.001500000013038516,0,0.001500000013038516,0.001500000013038516,0.001500000013038516
11-09-2019,0.001500000013038516,0.001500000013038516,0,0.001500000013038516,0.001500000013038516,0.001500000013038516
12-09-2019,0.001500000013038516,0.001500000013038516,0,0.001500000013038516,0.001500000013038516,0.001500000013038516
13-09-2019,0.003000000026077032,0.003000000026077032,20000,0.003000000026077032,0.003000000026077032,0.003000000026077032
16-09-2019,0.003000000026077032,0.003000000026077032,0,0.003000000026077032,0.003000000026077032,0.003000000026077032
17-09-2019,0.001500000013038516,0.001500000013038516,100,0.001500000013038516,0.001500000013038516,0.001500000013038516
18-09-2019,0.001500000013038516,0.001500000013038516,0,0.001500000013038516,0.001500000013038516,0.001500000013038516
19-09-2019,0.001500000013038516,0.001500000013038516,0,0.001500000013038516,0.001500000013038516,0.001500000013038516
20-09-2019,0.001500000013038516,0.001500000013038516,0,0.001500000013038516,0.001500000013038516,0.001500000013038516
23-09-2019,0.001500000013038516,0.001500000013038516,0,0.001500000013038516,0.001500000013038516,0.001500000013038516
24-09-2019,0.001500000013038516,0.001500000013038516,0,0.001500000013038516,0.001500000013038516,0.001500000013038516
25-09-2019,0.001500000013038516,0.001500000013038516,0,0.001500000013038516,0.001500000013038516,0.001500000013038516
26-09-2019,0.001500000013038516,0.001500000013038516,0,0.001500000013038516,0.001500000013038516,0.001500000013038516
27-09-2019,0.001500000013038516,0.001500000013038516,0,0.001500000013038516,0.001500000013038516,0.001500000013038516
30-09-2019,0.001500000013038516,0.001500000013038516,0,0.001500000013038516,0.001500000013038516,0.001500000013038516
01-10-2019,0.001500000013038516,0.001500000013038516,0,0.001500000013038516,0.001500000013038516,0.001500000013038516
02-10-2019,0.001500000013038516,0.001500000013038516,0,0.001500000013038516,0.001500000013038516,0.001500000013038516
03-10-2019,0.001500000013038516,0.001500000013038516,0,0.001500000013038516,0.001500000013038516,0.001500000013038516
04-10-2019,0.001500000013038516,0.001500000013038516,0,0.001500000013038516,0.001500000013038516,0.001500000013038516
07-10-2019,0.001500000013038516,0.001500000013038516,0,0.001500000013038516,0.001500000013038516,0.001500000013038516
08-10-2019,0.001500000013038516,0.001500000013038516,0,0.001500000013038516,0.001500000013038516,0.001500000013038516
09-10-2019,0.001500000013038516,0.001500000013038516,0,0.001500000013038516,0.001500000013038516,0.001500000013038516
10-10-2019,0.001500000013038516,0.001500000013038516,0,0.001500000013038516,0.001500000013038516,0.001500000013038516
11-10-2019,0.001500000013038516,0.001500000013038516,0,0.001500000013038516,0.001500000013038516,0.001500000013038516
14-10-2019,0.001500000013038516,0.001500000013038516,0,0.001500000013038516,0.001500000013038516,0.001500000013038516
15-10-2019,0.001500000013038516,0.001500000013038516,0,0.001500000013038516,0.001500000013038516,0.001500000013038516
16-10-2019,0.001500000013038516,0.001500000013038516,0,0.001500000013038516,0.001500000013038516,0.001500000013038516
17-10-2019,0.001500000013038516,0.001500000013038516,0,0.001500000013038516,0.001500000013038516,0.001500000013038516
18-10-2019,0.0013000000035390258,0.001500000013038516,441000,0.001500000013038516,0.0013000000035390258,0.0013000000035390258
21-10-2019,0.0013000000035390258,0.0013000000035390258,0,0.0013000000035390258,0.0013000000035390258,0.0013000000035390258
22-10-2019,0.0013000000035390258,0.0013000000035390258,0,0.0013000000035390258,0.0013000000035390258,0.0013000000035390258
23-10-2019,0.0013000000035390258,0.0013000000035390258,0,0.0013000000035390258,0.0013000000035390258,0.0013000000035390258
24-10-2019,0.0013000000035390258,0.0013000000035390258,0,0.0013000000035390258,0.0013000000035390258,0.0013000000035390258
25-10-2019,0.0013000000035390258,0.0013000000035390258,0,0.0013000000035390258,0.0013000000035390258,0.0013000000035390258
28-10-2019,0.0013000000035390258,0.0013000000035390258,0,0.0013000000035390258,0.0013000000035390258,0.0013000000035390258
29-10-2019,0.0013000000035390258,0.0013000000035390258,0,0.0013000000035390258,0.0013000000035390258,0.0013000000035390258
30-10-2019,0.0013000000035390258,0.0013000000035390258,0,0.0013000000035390258,0.0013000000035390258,0.0013000000035390258
31-10-2019,0.0013000000035390258,0.0013000000035390258,0,0.0013000000035390258,0.0013000000035390258,0.0013000000035390258
01-11-2019,0.0013000000035390258,0.0013000000035390258,0,0.0013000000035390258,0.0013000000035390258,0.0013000000035390258
04-11-2019,0.0013000000035390258,0.0013000000035390258,0,0.0013000000035390258,0.0013000000035390258,0.0013000000035390258
05-11-2019,0.0013000000035390258,0.0013000000035390258,0,0.0013000000035390258,0.0013000000035390258,0.0013000000035390258
06-11-2019,0.0013000000035390258,0.0013000000035390258,0,0.0013000000035390258,0.0013000000035390258,0.0013000000035390258
07-11-2019,0.001500000013038516,0.001500000013038516,436503,0.003000000026077032,0.003000000026077032,0.003000000026077032
08-11-2019,0.003000000026077032,0.003000000026077032,0,0.003000000026077032,0.003000000026077032,0.003000000026077032
11-11-2019,0.003000000026077032,0.003000000026077032,0,0.003000000026077032,0.003000000026077032,0.003000000026077032
12-11-2019,0.003000000026077032,0.003000000026077032,0,0.003000000026077032,0.003000000026077032,0.003000000026077032
13-11-2019,0.003000000026077032,0.003000000026077032,0,0.003000000026077032,0.003000000026077032,0.003000000026077032
14-11-2019,0.003000000026077032,0.003000000026077032,0,0.003000000026077032,0.003000000026077032,0.003000000026077032
15-11-2019,0.003000000026077032,0.003000000026077032,0,0.003000000026077032,0.003000000026077032,0.003000000026077032
18-11-2019,0.003000000026077032,0.003000000026077032,0,0.003000000026077032,0.003000000026077032,0.003000000026077032
19-11-2019,0.003000000026077032,0.003000000026077032,0,0.003000000026077032,0.003000000026077032,0.003000000026077032
20-11-2019,0.003000000026077032,0.003000000026077032,0,0.003000000026077032,0.003000000026077032,0.003000000026077032
21-11-2019,0.003000000026077032,0.003000000026077032,0,0.003000000026077032,0.003000000026077032,0.003000000026077032
22-11-2019,0.003000000026077032,0.003000000026077032,0,0.003000000026077032,0.003000000026077032,0.003000000026077032
25-11-2019,0.003000000026077032,0.003000000026077032,0,0.003000000026077032,0.003000000026077032,0.003000000026077032
26-11-2019,0.003000000026077032,0.003000000026077032,0,0.003000000026077032,0.003000000026077032,0.003000000026077032
27-11-2019,0.003000000026077032,0.003000000026077032,0,0.003000000026077032,0.003000000026077032,0.003000000026077032
29-11-2019,0.003000000026077032,0.003000000026077032,0,0.003000000026077032,0.003000000026077032,0.003000000026077032
02-12-2019,0.003000000026077032,0.003000000026077032,0,0.003000000026077032,0.003000000026077032,0.003000000026077032
03-12-2019,0.003000000026077032,0.003000000026077032,0,0.003000000026077032,0.003000000026077032,0.003000000026077032
04-12-2019,0.003000000026077032,0.003000000026077032,0,0.003000000026077032,0.003000000026077032,0.003000000026077032
05-12-2019,0.003000000026077032,0.003000000026077032,0,0.003000000026077032,0.003000000026077032,0.003000000026077032
06-12-2019,0.003000000026077032,0.003000000026077032,0,0.003000000026077032,0.003000000026077032,0.003000000026077032
09-12-2019,0.003000000026077032,0.003000000026077032,0,0.003000000026077032,0.003000000026077032,0.003000000026077032
10-12-2019,0.003000000026077032,0.003000000026077032,0,0.003000000026077032,0.003000000026077032,0.003000000026077032
11-12-2019,0.003000000026077032,0.003000000026077032,0,0.003000000026077032,0.003000000026077032,0.003000000026077032
12-12-2019,0.003000000026077032,0.003000000026077032,0,0.003000000026077032,0.003000000026077032,0.003000000026077032
13-12-2019,0.001500000013038516,0.001879999996162951,20000,0.001879999996162951,0.001500000013038516,0.001500000013038516
16-12-2019,0.001500000013038516,0.001500000013038516,49999,0.001500000013038516,0.001500000013038516,0.001500000013038516
17-12-2019,0.001500000013038516,0.001500000013038516,0,0.001500000013038516,0.001500000013038516,0.001500000013038516
18-12-2019,0.001500000013038516,0.001500000013038516,0,0.001500000013038516,0.001500000013038516,0.001500000013038516
19-12-2019,0.001500000013038516,0.001500000013038516,0,0.001500000013038516,0.001500000013038516,0.001500000013038516
20-12-2019,0.001500000013038516,0.001500000013038516,0,0.001500000013038516,0.001500000013038516,0.001500000013038516
23-12-2019,0.001500000013038516,0.001500000013038516,0,0.001500000013038516,0.001500000013038516,0.001500000013038516
24-12-2019,0.001500000013038516,0.001500000013038516,0,0.001500000013038516,0.001500000013038516,0.001500000013038516
26-12-2019,0.001500000013038516,0.001500000013038516,0,0.001500000013038516,0.001500000013038516,0.001500000013038516
27-12-2019,0.001500000013038516,0.001500000013038516,0,0.001500000013038516,0.001500000013038516,0.001500000013038516
30-12-2019,0.001500000013038516,0.001500000013038516,0,0.001500000013038516,0.001500000013038516,0.001500000013038516
31-12-2019,0.001500000013038516,0.001500000013038516,0,0.001500000013038516,0.001500000013038516,0.001500000013038516
02-01-2020,0.001500000013038516,0.001500000013038516,0,0.001500000013038516,0.001500000013038516,0.001500000013038516
03-01-2020,0.001500000013038516,0.001500000013038516,0,0.001500000013038516,0.001500000013038516,0.001500000013038516
06-01-2020,0.001500000013038516,0.001500000013038516,0,0.001500000013038516,0.001500000013038516,0.001500000013038516
07-01-2020,0.001500000013038516,0.001500000013038516,0,0.001500000013038516,0.001500000013038516,0.001500000013038516
08-01-2020,0.001500000013038516,0.001500000013038516,0,0.001500000013038516,0.001500000013038516,0.001500000013038516
09-01-2020,0.001500000013038516,0.001500000013038516,0,0.001500000013038516,0.001500000013038516,0.001500000013038516
10-01-2020,0.001500000013038516,0.001500000013038516,0,0.001500000013038516,0.001500000013038516,0.001500000013038516
13-01-2020,0.001500000013038516,0.001500000013038516,0,0.001500000013038516,0.001500000013038516,0.001500000013038516
14-01-2020,0.001500000013038516,0.001500000013038516,0,0.001500000013038516,0.001500000013038516,0.001500000013038516
15-01-2020,0.001500000013038516,0.001500000013038516,0,0.001500000013038516,0.001500000013038516,0.001500000013038516
16-01-2020,0.001500000013038516,0.001500000013038516,0,0.001500000013038516,0.001500000013038516,0.001500000013038516
17-01-2020,0.001500000013038516,0.001500000013038516,0,0.001500000013038516,0.001500000013038516,0.001500000013038516
21-01-2020,0.001500000013038516,0.001500000013038516,0,0.001500000013038516,0.001500000013038516,0.001500000013038516
22-01-2020,0.001500000013038516,0.001500000013038516,0,0.001500000013038516,0.001500000013038516,0.001500000013038516
23-01-2020,0.001500000013038516,0.001500000013038516,0,0.001500000013038516,0.001500000013038516,0.001500000013038516
24-01-2020,0.001500000013038516,0.001500000013038516,0,0.001500000013038516,0.001500000013038516,0.001500000013038516
27-01-2020,0.001500000013038516,0.001500000013038516,0,0.001500000013038516,0.001500000013038516,0.001500000013038516
28-01-2020,0.001500000013038516,0.001500000013038516,0,0.001500000013038516,0.001500000013038516,0.001500000013038516
29-01-2020,0.001500000013038516,0.001500000013038516,0,0.001500000013038516,0.001500000013038516,0.001500000013038516
30-01-2020,0.001500000013038516,0.001500000013038516,10000,0.001500000013038516,0.001500000013038516,0.001500000013038516
31-01-2020,0.001500000013038516,0.001500000013038516,0,0.001500000013038516,0.001500000013038516,0.001500000013038516
03-02-2020,0.001500000013038516,0.001500000013038516,0,0.001500000013038516,0.001500000013038516,0.001500000013038516
04-02-2020,0.001500000013038516,0.001500000013038516,0,0.001500000013038516,0.001500000013038516,0.001500000013038516
05-02-2020,0.001500000013038516,0.001500000013038516,0,0.001500000013038516,0.001500000013038516,0.001500000013038516
06-02-2020,0.001500000013038516,0.001500000013038516,0,0.001500000013038516,0.001500000013038516,0.001500000013038516
07-02-2020,0.001500000013038516,0.001500000013038516,0,0.001500000013038516,0.001500000013038516,0.001500000013038516
10-02-2020,0.001500000013038516,0.001500000013038516,0,0.001500000013038516,0.001500000013038516,0.001500000013038516
11-02-2020,0.001500000013038516,0.001500000013038516,0,0.001500000013038516,0.001500000013038516,0.001500000013038516
12-02-2020,0.001500000013038516,0.001500000013038516,0,0.001500000013038516,0.001500000013038516,0.001500000013038516
13-02-2020,0.001500000013038516,0.001500000013038516,0,0.001500000013038516,0.001500000013038516,0.001500000013038516
14-02-2020,0.001500000013038516,0.001500000013038516,0,0.001500000013038516,0.001500000013038516,0.001500000013038516
18-02-2020,0.001500000013038516,0.001500000013038516,0,0.001500000013038516,0.001500000013038516,0.001500000013038516
19-02-2020,0.001500000013038516,0.001500000013038516,0,0.001500000013038516,0.001500000013038516,0.001500000013038516
20-02-2020,0.001500000013038516,0.001500000013038516,0,0.001500000013038516,0.001500000013038516,0.001500000013038516
21-02-2020,0.001500000013038516,0.001500000013038516,0,0.001500000013038516,0.001500000013038516,0.001500000013038516
24-02-2020,0.001500000013038516,0.001500000013038516,0,0.001500000013038516,0.001500000013038516,0.001500000013038516
25-02-2020,0.001500000013038516,0.001500000013038516,0,0.001500000013038516,0.001500000013038516,0.001500000013038516
26-02-2020,0.001500000013038516,0.001500000013038516,0,0.001500000013038516,0.001500000013038516,0.001500000013038516
27-02-2020,0.001500000013038516,0.001500000013038516,0,0.001500000013038516,0.001500000013038516,0.001500000013038516
28-02-2020,0.001500000013038516,0.001500000013038516,0,0.001500000013038516,0.001500000013038516,0.001500000013038516
02-03-2020,0.001500000013038516,0.001500000013038516,0,0.001500000013038516,0.001500000013038516,0.001500000013038516
03-03-2020,0.001500000013038516,0.001500000013038516,0,0.001500000013038516,0.001500000013038516,0.001500000013038516
04-03-2020,0.001500000013038516,0.001500000013038516,0,0.001500000013038516,0.001500000013038516,0.001500000013038516
05-03-2020,0.001500000013038516,0.001500000013038516,0,0.001500000013038516,0.001500000013038516,0.001500000013038516
06-03-2020,0.001500000013038516,0.001500000013038516,0,0.001500000013038516,0.001500000013038516,0.001500000013038516
09-03-2020,0.001500000013038516,0.001500000013038516,0,0.001500000013038516,0.001500000013038516,0.001500000013038516
10-03-2020,0.001500000013038516,0.001500000013038516,0,0.001500000013038516,0.001500000013038516,0.001500000013038516
11-03-2020,0.001500000013038516,0.001500000013038516,0,0.001500000013038516,0.001500000013038516,0.001500000013038516
12-03-2020,0.001500000013038516,0.001500000013038516,0,0.001500000013038516,0.001500000013038516,0.001500000013038516
13-03-2020,0.001500000013038516,0.001500000013038516,0,0.001500000013038516,0.001500000013038516,0.001500000013038516
16-03-2020,0.001500000013038516,0.001500000013038516,0,0.001500000013038516,0.001500000013038516,0.001500000013038516
17-03-2020,0.001500000013038516,0.001500000013038516,0,0.001500000013038516,0.001500000013038516,0.001500000013038516
18-03-2020,0.001500000013038516,0.001500000013038516,0,0.001500000013038516,0.001500000013038516,0.001500000013038516
19-03-2020,0.001500000013038516,0.001500000013038516,0,0.001500000013038516,0.001500000013038516,0.001500000013038516
20-03-2020,0.001500000013038516,0.001500000013038516,0,0.001500000013038516,0.001500000013038516,0.001500000013038516
23-03-2020,0.001500000013038516,0.001500000013038516,0,0.001500000013038516,0.001500000013038516,0.001500000013038516
24-03-2020,0.001500000013038516,0.001500000013038516,0,0.001500000013038516,0.001500000013038516,0.001500000013038516
25-03-2020,0.001500000013038516,0.001500000013038516,0,0.001500000013038516,0.001500000013038516,0.001500000013038516
26-03-2020,0.001500000013038516,0.001500000013038516,0,0.001500000013038516,0.001500000013038516,0.001500000013038516
27-03-2020,0.001500000013038516,0.001500000013038516,0,0.001500000013038516,0.001500000013038516,0.001500000013038516
30-03-2020,0.001500000013038516,0.001500000013038516,0,0.001500000013038516,0.001500000013038516,0.001500000013038516
31-03-2020,0.001500000013038516,0.001500000013038516,0,0.001500000013038516,0.001500000013038516,0.001500000013038516
01-04-2020,0.001500000013038516,0.001500000013038516,0,0.001500000013038516,0.001500000013038516,0.001500000013038516
02-04-2020,0.001500000013038516,0.001500000013038516,0,0.001500000013038516,0.001500000013038516,0.001500000013038516
03-04-2020,0.001500000013038516,0.001500000013038516,0,0.001500000013038516,0.001500000013038516,0.001500000013038516
06-04-2020,0.001500000013038516,0.001500000013038516,0,0.001500000013038516,0.001500000013038516,0.001500000013038516
07-04-2020,0.001500000013038516,0.001500000013038516,0,0.001500000013038516,0.001500000013038516,0.001500000013038516
08-04-2020,0.001500000013038516,0.001500000013038516,0,0.001500000013038516,0.001500000013038516,0.001500000013038516
09-04-2020,0.001500000013038516,0.001500000013038516,0,0.001500000013038516,0.001500000013038516,0.001500000013038516
13-04-2020,0.001500000013038516,0.001500000013038516,0,0.001500000013038516,0.001500000013038516,0.001500000013038516
14-04-2020,0.001500000013038516,0.001500000013038516,0,0.001500000013038516,0.001500000013038516,0.001500000013038516
15-04-2020,0.001500000013038516,0.001500000013038516,0,0.001500000013038516,0.001500000013038516,0.001500000013038516
16-04-2020,0.001500000013038516,0.001500000013038516,0,0.001500000013038516,0.001500000013038516,0.001500000013038516
17-04-2020,0.001500000013038516,0.001500000013038516,0,0.001500000013038516,0.001500000013038516,0.001500000013038516
20-04-2020,0.001500000013038516,0.001500000013038516,0,0.001500000013038516,0.001500000013038516,0.001500000013038516
21-04-2020,0.001500000013038516,0.001500000013038516,0,0.001500000013038516,0.001500000013038516,0.001500000013038516
22-04-2020,0.001500000013038516,0.001500000013038516,0,0.001500000013038516,0.001500000013038516,0.001500000013038516
23-04-2020,0.001500000013038516,0.001500000013038516,0,0.001500000013038516,0.001500000013038516,0.001500000013038516
24-04-2020,0.001500000013038516,0.001500000013038516,0,0.001500000013038516,0.001500000013038516,0.001500000013038516
27-04-2020,0.001500000013038516,0.001500000013038516,0,0.001500000013038516,0.001500000013038516,0.001500000013038516
28-04-2020,0.001500000013038516,0.001500000013038516,0,0.001500000013038516,0.001500000013038516,0.001500000013038516
29-04-2020,0.001500000013038516,0.001500000013038516,0,0.001500000013038516,0.001500000013038516,0.001500000013038516
30-04-2020,0.001500000013038516,0.001500000013038516,10000,0.001500000013038516,0.001500000013038516,0.001500000013038516
01-05-2020,0.001500000013038516,0.001500000013038516,0,0.001500000013038516,0.001500000013038516,0.001500000013038516
04-05-2020,0.001500000013038516,0.001500000013038516,0,0.001500000013038516,0.001500000013038516,0.001500000013038516
05-05-2020,0.001500000013038516,0.001500000013038516,0,0.001500000013038516,0.001500000013038516,0.001500000013038516
06-05-2020,0.001500000013038516,0.001500000013038516,0,0.001500000013038516,0.001500000013038516,0.001500000013038516
07-05-2020,0.001500000013038516,0.001500000013038516,0,0.001500000013038516,0.001500000013038516,0.001500000013038516
08-05-2020,0.001500000013038516,0.001500000013038516,0,0.001500000013038516,0.001500000013038516,0.001500000013038516
11-05-2020,0.001500000013038516,0.001500000013038516,0,0.001500000013038516,0.001500000013038516,0.001500000013038516
12-05-2020,0.001500000013038516,0.001500000013038516,0,0.001500000013038516,0.001500000013038516,0.001500000013038516
13-05-2020,0.001500000013038516,0.001500000013038516,0,0.001500000013038516,0.001500000013038516,0.001500000013038516
14-05-2020,0.001500000013038516,0.001500000013038516,0,0.001500000013038516,0.001500000013038516,0.001500000013038516
15-05-2020,0.001500000013038516,0.001500000013038516,0,0.001500000013038516,0.001500000013038516,0.001500000013038516
18-05-2020,0.001500000013038516,0.001500000013038516,0,0.001500000013038516,0.001500000013038516,0.001500000013038516
19-05-2020,0.001500000013038516,0.001500000013038516,0,0.001500000013038516,0.001500000013038516,0.001500000013038516
20-05-2020,0.001500000013038516,0.001500000013038516,0,0.001500000013038516,0.001500000013038516,0.001500000013038516
21-05-2020,0.001500000013038516,0.001500000013038516,0,0.001500000013038516,0.001500000013038516,0.001500000013038516
22-05-2020,0.001500000013038516,0.001500000013038516,0,0.001500000013038516,0.001500000013038516,0.001500000013038516
26-05-2020,0.001500000013038516,0.001500000013038516,0,0.001500000013038516,0.001500000013038516,0.001500000013038516
27-05-2020,0.001500000013038516,0.001500000013038516,0,0.001500000013038516,0.001500000013038516,0.001500000013038516
28-05-2020,0.001500000013038516,0.001500000013038516,0,0.001500000013038516,0.001500000013038516,0.001500000013038516
29-05-2020,0.001500000013038516,0.001500000013038516,0,0.001500000013038516,0.001500000013038516,0.001500000013038516
01-06-2020,0.001500000013038516,0.001500000013038516,0,0.001500000013038516,0.001500000013038516,0.001500000013038516
02-06-2020,0.001500000013038516,0.001500000013038516,0,0.001500000013038516,0.001500000013038516,0.001500000013038516
03-06-2020,0.001500000013038516,0.001500000013038516,0,0.001500000013038516,0.001500000013038516,0.001500000013038516
04-06-2020,0.001500000013038516,0.001500000013038516,0,0.001500000013038516,0.001500000013038516,0.001500000013038516
05-06-2020,0.001500000013038516,0.001500000013038516,0,0.001500000013038516,0.001500000013038516,0.001500000013038516
08-06-2020,0.001500000013038516,0.001500000013038516,0,0.001500000013038516,0.001500000013038516,0.001500000013038516
09-06-2020,0.001500000013038516,0.001500000013038516,0,0.001500000013038516,0.001500000013038516,0.001500000013038516
10-06-2020,0.001500000013038516,0.001500000013038516,0,0.001500000013038516,0.001500000013038516,0.001500000013038516
11-06-2020,0.001500000013038516,0.001500000013038516,0,0.001500000013038516,0.001500000013038516,0.001500000013038516
12-06-2020,0.001500000013038516,0.001500000013038516,0,0.001500000013038516,0.001500000013038516,0.001500000013038516
15-06-2020,0.001500000013038516,0.001500000013038516,0,0.001500000013038516,0.001500000013038516,0.001500000013038516
16-06-2020,0.001500000013038516,0.001500000013038516,0,0.001500000013038516,0.001500000013038516,0.001500000013038516
17-06-2020,0.001500000013038516,0.001500000013038516,0,0.001500000013038516,0.001500000013038516,0.001500000013038516
18-06-2020,0.001500000013038516,0.001500000013038516,0,0.001500000013038516,0.001500000013038516,0.001500000013038516
19-06-2020,0.001500000013038516,0.001500000013038516,0,0.001500000013038516,0.001500000013038516,0.001500000013038516
22-06-2020,0.001500000013038516,0.001500000013038516,0,0.001500000013038516,0.001500000013038516,0.001500000013038516
23-06-2020,0.001500000013038516,0.001500000013038516,0,0.001500000013038516,0.001500000013038516,0.001500000013038516
24-06-2020,0.001500000013038516,0.001500000013038516,0,0.001500000013038516,0.001500000013038516,0.001500000013038516
25-06-2020,0.001500000013038516,0.001500000013038516,0,0.001500000013038516,0.001500000013038516,0.001500000013038516
26-06-2020,0.001500000013038516,0.001500000013038516,0,0.001500000013038516,0.001500000013038516,0.001500000013038516
29-06-2020,0.001500000013038516,0.001500000013038516,0,0.001500000013038516,0.001500000013038516,0.001500000013038516
30-06-2020,0.001500000013038516,0.001500000013038516,0,0.001500000013038516,0.001500000013038516,0.001500000013038516
01-07-2020,0.001500000013038516,0.001500000013038516,0,0.001500000013038516,0.001500000013038516,0.001500000013038516
02-07-2020,0.001500000013038516,0.001500000013038516,0,0.001500000013038516,0.001500000013038516,0.001500000013038516
06-07-2020,0.001500000013038516,0.001500000013038516,0,0.001500000013038516,0.001500000013038516,0.001500000013038516
07-07-2020,0.001500000013038516,0.001500000013038516,0,0.001500000013038516,0.001500000013038516,0.001500000013038516
08-07-2020,0.001500000013038516,0.001500000013038516,0,0.001500000013038516,0.001500000013038516,0.001500000013038516
09-07-2020,0.001500000013038516,0.001500000013038516,0,0.001500000013038516,0.001500000013038516,0.001500000013038516
10-07-2020,0.001500000013038516,0.001500000013038516,0,0.001500000013038516,0.001500000013038516,0.001500000013038516
13-07-2020,0.001500000013038516,0.001500000013038516,0,0.001500000013038516,0.001500000013038516,0.001500000013038516
14-07-2020,0.001500000013038516,0.001500000013038516,0,0.001500000013038516,0.001500000013038516,0.001500000013038516
15-07-2020,0.001500000013038516,0.001500000013038516,0,0.001500000013038516,0.001500000013038516,0.001500000013038516
16-07-2020,0.001500000013038516,0.001500000013038516,0,0.001500000013038516,0.001500000013038516,0.001500000013038516
17-07-2020,0.001500000013038516,0.001500000013038516,0,0.001500000013038516,0.001500000013038516,0.001500000013038516
20-07-2020,0.001500000013038516,0.001500000013038516,167650,0.0044999998062849045,0.004000000189989805,0.004000000189989805
21-07-2020,0.004000000189989805,0.004000000189989805,0,0.004000000189989805,0.004000000189989805,0.004000000189989805
22-07-2020,0.004000000189989805,0.004000000189989805,0,0.004000000189989805,0.004000000189989805,0.004000000189989805
23-07-2020,0.004000000189989805,0.004000000189989805,0,0.004000000189989805,0.004000000189989805,0.004000000189989805
24-07-2020,0.004000000189989805,0.004000000189989805,0,0.004000000189989805,0.004000000189989805,0.004000000189989805
27-07-2020,0.004000000189989805,0.004000000189989805,0,0.004000000189989805,0.004000000189989805,0.004000000189989805
28-07-2020,0.004000000189989805,0.004000000189989805,0,0.004000000189989805,0.004000000189989805,0.004000000189989805
29-07-2020,0.004000000189989805,0.004000000189989805,0,0.004000000189989805,0.004000000189989805,0.004000000189989805
30-07-2020,0.004000000189989805,0.004000000189989805,0,0.004000000189989805,0.004000000189989805,0.004000000189989805
31-07-2020,0.004000000189989805,0.004000000189989805,0,0.004000000189989805,0.004000000189989805,0.004000000189989805
03-08-2020,0.004000000189989805,0.004000000189989805,0,0.004000000189989805,0.004000000189989805,0.004000000189989805
04-08-2020,0.0020000000949949026,0.0020000000949949026,1000,0.0020000000949949026,0.0020000000949949026,0.0020000000949949026
05-08-2020,0.0027000000700354576,0.0027000000700354576,2000,0.0027000000700354576,0.0027000000700354576,0.0027000000700354576
06-08-2020,0.0027000000700354576,0.0027000000700354576,0,0.0027000000700354576,0.0027000000700354576,0.0027000000700354576
07-08-2020,0.0027000000700354576,0.0027000000700354576,0,0.0027000000700354576,0.0027000000700354576,0.0027000000700354576
10-08-2020,0.0027000000700354576,0.0027000000700354576,0,0.0027000000700354576,0.0027000000700354576,0.0027000000700354576
11-08-2020,0.0027000000700354576,0.0027000000700354576,0,0.0027000000700354576,0.0027000000700354576,0.0027000000700354576
12-08-2020,0.0027000000700354576,0.0027000000700354576,0,0.0027000000700354576,0.0027000000700354576,0.0027000000700354576
13-08-2020,0.0027000000700354576,0.0027000000700354576,0,0.0027000000700354576,0.0027000000700354576,0.0027000000700354576
14-08-2020,0.0027000000700354576,0.0027000000700354576,0,0.0027000000700354576,0.0027000000700354576,0.0027000000700354576
17-08-2020,0.0027000000700354576,0.0027000000700354576,0,0.0027000000700354576,0.0027000000700354576,0.0027000000700354576
18-08-2020,0.001500000013038516,0.0020000000949949026,60000,0.0020000000949949026,0.001500000013038516,0.001500000013038516
19-08-2020,0.001500000013038516,0.001500000013038516,0,0.001500000013038516,0.001500000013038516,0.001500000013038516
20-08-2020,0.001500000013038516,0.001500000013038516,0,0.001500000013038516,0.001500000013038516,0.001500000013038516
21-08-2020,0.001500000013038516,0.001500000013038516,0,0.001500000013038516,0.001500000013038516,0.001500000013038516
24-08-2020,0.001500000013038516,0.001500000013038516,0,0.001500000013038516,0.001500000013038516,0.001500000013038516
25-08-2020,0.001500000013038516,0.001500000013038516,0,0.001500000013038516,0.001500000013038516,0.001500000013038516
26-08-2020,0.001500000013038516,0.001500000013038516,0,0.001500000013038516,0.001500000013038516,0.001500000013038516
27-08-2020,0.001500000013038516,0.001500000013038516,0,0.001500000013038516,0.001500000013038516,0.001500000013038516
28-08-2020,0.001500000013038516,0.001500000013038516,0,0.001500000013038516,0.001500000013038516,0.001500000013038516
31-08-2020,0.001500000013038516,0.001500000013038516,0,0.001500000013038516,0.001500000013038516,0.001500000013038516
01-09-2020,0.001500000013038516,0.001500000013038516,0,0.001500000013038516,0.001500000013038516,0.001500000013038516
02-09-2020,0.001500000013038516,0.001500000013038516,0,0.001500000013038516,0.001500000013038516,0.001500000013038516
03-09-2020,0.001500000013038516,0.001500000013038516,0,0.001500000013038516,0.001500000013038516,0.001500000013038516
04-09-2020,0.001500000013038516,0.001500000013038516,0,0.001500000013038516,0.001500000013038516,0.001500000013038516
08-09-2020,0.001500000013038516,0.001500000013038516,0,0.001500000013038516,0.001500000013038516,0.001500000013038516
09-09-2020,0.001500000013038516,0.001500000013038516,0,0.001500000013038516,0.001500000013038516,0.001500000013038516
10-09-2020,0.001500000013038516,0.001500000013038516,0,0.001500000013038516,0.001500000013038516,0.001500000013038516
11-09-2020,0.001500000013038516,0.001500000013038516,0,0.001500000013038516,0.001500000013038516,0.001500000013038516
14-09-2020,0.001500000013038516,0.001500000013038516,0,0.001500000013038516,0.001500000013038516,0.001500000013038516
15-09-2020,0.001500000013038516,0.001500000013038516,0,0.001500000013038516,0.001500000013038516,0.001500000013038516
16-09-2020,0.001500000013038516,0.001500000013038516,0,0.001500000013038516,0.001500000013038516,0.001500000013038516
17-09-2020,0.001500000013038516,0.001500000013038516,0,0.001500000013038516,0.001500000013038516,0.001500000013038516
18-09-2020,0.001500000013038516,0.001500000013038516,0,0.001500000013038516,0.001500000013038516,0.001500000013038516
21-09-2020,0.001500000013038516,0.001500000013038516,0,0.001500000013038516,0.001500000013038516,0.001500000013038516
22-09-2020,0.001500000013038516,0.001500000013038516,0,0.001500000013038516,0.001500000013038516,0.001500000013038516
23-09-2020,0.001500000013038516,0.001500000013038516,0,0.001500000013038516,0.001500000013038516,0.001500000013038516
24-09-2020,0.001500000013038516,0.001500000013038516,0,0.001500000013038516,0.001500000013038516,0.001500000013038516
25-09-2020,0.001500000013038516,0.001500000013038516,0,0.001500000013038516,0.001500000013038516,0.001500000013038516
28-09-2020,0.001500000013038516,0.001500000013038516,0,0.001500000013038516,0.001500000013038516,0.001500000013038516
29-09-2020,0.001500000013038516,0.001500000013038516,0,0.001500000013038516,0.001500000013038516,0.001500000013038516
30-09-2020,0.001500000013038516,0.001500000013038516,0,0.001500000013038516,0.001500000013038516,0.001500000013038516
01-10-2020,0.001500000013038516,0.001500000013038516,0,0.001500000013038516,0.001500000013038516,0.001500000013038516
02-10-2020,0.001500000013038516,0.001500000013038516,0,0.001500000013038516,0.001500000013038516,0.001500000013038516
05-10-2020,0.001500000013038516,0.001500000013038516,0,0.001500000013038516,0.001500000013038516,0.001500000013038516
06-10-2020,0.001500000013038516,0.001500000013038516,0,0.001500000013038516,0.001500000013038516,0.001500000013038516
07-10-2020,0.001500000013038516,0.001500000013038516,0,0.001500000013038516,0.001500000013038516,0.001500000013038516
08-10-2020,0.001500000013038516,0.001500000013038516,0,0.001500000013038516,0.001500000013038516,0.001500000013038516
09-10-2020,0.001500000013038516,0.001500000013038516,0,0.001500000013038516,0.001500000013038516,0.001500000013038516
12-10-2020,0.001500000013038516,0.001500000013038516,0,0.001500000013038516,0.001500000013038516,0.001500000013038516
13-10-2020,0.001500000013038516,0.001500000013038516,0,0.001500000013038516,0.001500000013038516,0.001500000013038516
14-10-2020,0.001500000013038516,0.001500000013038516,0,0.001500000013038516,0.001500000013038516,0.001500000013038516
15-10-2020,0.001500000013038516,0.001500000013038516,0,0.001500000013038516,0.001500000013038516,0.001500000013038516
16-10-2020,0.001500000013038516,0.001500000013038516,0,0.001500000013038516,0.001500000013038516,0.001500000013038516
19-10-2020,0.001500000013038516,0.001500000013038516,0,0.001500000013038516,0.001500000013038516,0.001500000013038516
20-10-2020,0.001500000013038516,0.001500000013038516,0,0.001500000013038516,0.001500000013038516,0.001500000013038516
21-10-2020,0.0017999999690800905,0.0017999999690800905,50000,0.0017999999690800905,0.0017999999690800905,0.0017999999690800905
22-10-2020,9.999999747378752e-05,0.0015999999595806003,446249,0.0015999999595806003,9.999999747378752e-05,9.999999747378752e-05
23-10-2020,9.999999747378752e-05,9.999999747378752e-05,0,9.999999747378752e-05,9.999999747378752e-05,9.999999747378752e-05
26-10-2020,9.999999747378752e-05,9.999999747378752e-05,0,9.999999747378752e-05,9.999999747378752e-05,9.999999747378752e-05
27-10-2020,9.999999747378752e-05,9.999999747378752e-05,0,9.999999747378752e-05,9.999999747378752e-05,9.999999747378752e-05
28-10-2020,9.999999747378752e-05,9.999999747378752e-05,0,9.999999747378752e-05,9.999999747378752e-05,9.999999747378752e-05
29-10-2020,9.999999747378752e-05,9.999999747378752e-05,0,9.999999747378752e-05,9.999999747378752e-05,9.999999747378752e-05
30-10-2020,9.999999747378752e-05,9.999999747378752e-05,0,9.999999747378752e-05,9.999999747378752e-05,9.999999747378752e-05
02-11-2020,9.999999747378752e-05,9.999999747378752e-05,0,9.999999747378752e-05,9.999999747378752e-05,9.999999747378752e-05
03-11-2020,9.999999747378752e-05,9.999999747378752e-05,0,9.999999747378752e-05,9.999999747378752e-05,9.999999747378752e-05
04-11-2020,9.999999747378752e-05,9.999999747378752e-05,0,9.999999747378752e-05,9.999999747378752e-05,9.999999747378752e-05
05-11-2020,9.999999747378752e-05,9.999999747378752e-05,0,9.999999747378752e-05,9.999999747378752e-05,9.999999747378752e-05
06-11-2020,9.999999747378752e-05,9.999999747378752e-05,0,9.999999747378752e-05,9.999999747378752e-05,9.999999747378752e-05
09-11-2020,9.999999747378752e-05,9.999999747378752e-05,0,9.999999747378752e-05,9.999999747378752e-05,9.999999747378752e-05
10-11-2020,9.999999747378752e-05,9.999999747378752e-05,0,9.999999747378752e-05,9.999999747378752e-05,9.999999747378752e-05
11-11-2020,9.999999747378752e-05,9.999999747378752e-05,0,9.999999747378752e-05,9.999999747378752e-05,9.999999747378752e-05
12-11-2020,9.999999747378752e-05,9.999999747378752e-05,0,9.999999747378752e-05,9.999999747378752e-05,9.999999747378752e-05
13-11-2020,9.999999747378752e-05,9.999999747378752e-05,0,9.999999747378752e-05,9.999999747378752e-05,9.999999747378752e-05
16-11-2020,9.999999747378752e-05,9.999999747378752e-05,0,9.999999747378752e-05,9.999999747378752e-05,9.999999747378752e-05
17-11-2020,9.999999747378752e-05,9.999999747378752e-05,0,9.999999747378752e-05,9.999999747378752e-05,9.999999747378752e-05
18-11-2020,9.999999747378752e-05,9.999999747378752e-05,0,9.999999747378752e-05,9.999999747378752e-05,9.999999747378752e-05
19-11-2020,9.999999747378752e-05,9.999999747378752e-05,0,9.999999747378752e-05,9.999999747378752e-05,9.999999747378752e-05
20-11-2020,9.999999747378752e-05,9.999999747378752e-05,0,9.999999747378752e-05,9.999999747378752e-05,9.999999747378752e-05
23-11-2020,9.999999747378752e-05,9.999999747378752e-05,0,9.999999747378752e-05,9.999999747378752e-05,9.999999747378752e-05
24-11-2020,9.999999747378752e-05,9.999999747378752e-05,0,9.999999747378752e-05,9.999999747378752e-05,9.999999747378752e-05
25-11-2020,9.999999747378752e-05,9.999999747378752e-05,0,9.999999747378752e-05,9.999999747378752e-05,9.999999747378752e-05
27-11-2020,9.999999747378752e-05,9.999999747378752e-05,0,9.999999747378752e-05,9.999999747378752e-05,9.999999747378752e-05
30-11-2020,9.999999747378752e-05,9.999999747378752e-05,0,9.999999747378752e-05,9.999999747378752e-05,9.999999747378752e-05
01-12-2020,9.999999747378752e-05,9.999999747378752e-05,0,9.999999747378752e-05,9.999999747378752e-05,9.999999747378752e-05
02-12-2020,9.999999747378752e-05,9.999999747378752e-05,0,9.999999747378752e-05,9.999999747378752e-05,9.999999747378752e-05
03-12-2020,9.999999747378752e-05,9.999999747378752e-05,0,9.999999747378752e-05,9.999999747378752e-05,9.999999747378752e-05
04-12-2020,9.999999747378752e-05,9.999999747378752e-05,0,9.999999747378752e-05,9.999999747378752e-05,9.999999747378752e-05
07-12-2020,9.999999747378752e-05,9.999999747378752e-05,0,9.999999747378752e-05,9.999999747378752e-05,9.999999747378752e-05
08-12-2020,9.999999747378752e-05,9.999999747378752e-05,0,9.999999747378752e-05,9.999999747378752e-05,9.999999747378752e-05
09-12-2020,9.999999747378752e-05,9.999999747378752e-05,0,9.999999747378752e-05,9.999999747378752e-05,9.999999747378752e-05
10-12-2020,9.999999747378752e-05,9.999999747378752e-05,0,9.999999747378752e-05,9.999999747378752e-05,9.999999747378752e-05
11-12-2020,9.999999747378752e-05,9.999999747378752e-05,0,9.999999747378752e-05,9.999999747378752e-05,9.999999747378752e-05
14-12-2020,9.999999747378752e-05,9.999999747378752e-05,0,9.999999747378752e-05,9.999999747378752e-05,9.999999747378752e-05
15-12-2020,9.999999747378752e-05,9.999999747378752e-05,0,9.999999747378752e-05,9.999999747378752e-05,9.999999747378752e-05
16-12-2020,0.0012499999720603228,0.0012499999720603228,100,0.0012499999720603228,0.0012499999720603228,0.0012499999720603228
17-12-2020,0.0012499999720603228,0.0012499999720603228,0,0.0012499999720603228,0.0012499999720603228,0.0012499999720603228
18-12-2020,0.0012499999720603228,0.0012499999720603228,0,0.0012499999720603228,0.0012499999720603228,0.0012499999720603228
21-12-2020,0.0012499999720603228,0.0012499999720603228,0,0.0012499999720603228,0.0012499999720603228,0.0012499999720603228
22-12-2020,0.0012499999720603228,0.0012499999720603228,0,0.0012499999720603228,0.0012499999720603228,0.0012499999720603228
23-12-2020,0.0020000000949949026,0.0020000000949949026,55000,0.004999999888241291,0.004999999888241291,0.004999999888241291
24-12-2020,0.006000000052154064,0.006000000052154064,15000,0.006000000052154064,0.006000000052154064,0.006000000052154064
28-12-2020,0.006000000052154064,0.006000000052154064,0,0.006000000052154064,0.006000000052154064,0.006000000052154064
29-12-2020,0.0006000000284984708,0.0006000000284984708,5000,0.0006000000284984708,0.0006000000284984708,0.0006000000284984708
30-12-2020,0.0006000000284984708,0.0006000000284984708,0,0.0006000000284984708,0.0006000000284984708,0.0006000000284984708
31-12-2020,0.0006000000284984708,0.0006000000284984708,0,0.0006000000284984708,0.0006000000284984708,0.0006000000284984708
04-01-2021,0.0006000000284984708,0.0006000000284984708,0,0.0006000000284984708,0.0006000000284984708,0.0006000000284984708
05-01-2021,0.0006000000284984708,0.0006000000284984708,0,0.0006000000284984708,0.0006000000284984708,0.0006000000284984708
06-01-2021,0.0006000000284984708,0.0006000000284984708,0,0.0006000000284984708,0.0006000000284984708,0.0006000000284984708
07-01-2021,0.0006000000284984708,0.0006000000284984708,0,0.0006000000284984708,0.0006000000284984708,0.0006000000284984708
08-01-2021,0.0006000000284984708,0.0006000000284984708,0,0.0006000000284984708,0.0006000000284984708,0.0006000000284984708
11-01-2021,0.0006000000284984708,0.0006000000284984708,0,0.0006000000284984708,0.0006000000284984708,0.0006000000284984708
12-01-2021,0.0006000000284984708,0.0006000000284984708,0,0.0006000000284984708,0.0006000000284984708,0.0006000000284984708
13-01-2021,0.0006000000284984708,0.0006000000284984708,0,0.0006000000284984708,0.0006000000284984708,0.0006000000284984708
14-01-2021,0.0006000000284984708,0.0006000000284984708,0,0.0006000000284984708,0.0006000000284984708,0.0006000000284984708
15-01-2021,0.0006000000284984708,0.014999999664723873,95000,0.014999999664723873,0.0006000000284984708,0.0006000000284984708
19-01-2021,0.0006000000284984708,0.0006000000284984708,0,0.0006000000284984708,0.0006000000284984708,0.0006000000284984708
20-01-2021,0.0006000000284984708,0.0006000000284984708,0,0.0006000000284984708,0.0006000000284984708,0.0006000000284984708
21-01-2021,0.0006000000284984708,0.0006000000284984708,0,0.0006000000284984708,0.0006000000284984708,0.0006000000284984708
22-01-2021,0.0006000000284984708,0.0006000000284984708,0,0.0006000000284984708,0.0006000000284984708,0.0006000000284984708
25-01-2021,0.0006000000284984708,0.0006000000284984708,0,0.0006000000284984708,0.0006000000284984708,0.0006000000284984708
26-01-2021,0.0006000000284984708,0.0006000000284984708,0,0.0006000000284984708,0.0006000000284984708,0.0006000000284984708
27-01-2021,0.0006000000284984708,0.0006000000284984708,0,0.0006000000284984708,0.0006000000284984708,0.0006000000284984708
28-01-2021,0.0006000000284984708,0.0006000000284984708,0,0.0006000000284984708,0.0006000000284984708,0.0006000000284984708
29-01-2021,0.0006000000284984708,0.0006000000284984708,0,0.0006000000284984708,0.0006000000284984708,0.0006000000284984708
01-02-2021,0.0006000000284984708,0.0006000000284984708,0,0.0006000000284984708,0.0006000000284984708,0.0006000000284984708
02-02-2021,0.0006000000284984708,0.0006000000284984708,0,0.0006000000284984708,0.0006000000284984708,0.0006000000284984708
03-02-2021,0.0006000000284984708,0.0006000000284984708,0,0.0006000000284984708,0.0006000000284984708,0.0006000000284984708
04-02-2021,0.0006000000284984708,0.0006000000284984708,0,0.0006000000284984708,0.0006000000284984708,0.0006000000284984708
05-02-2021,0.0006000000284984708,0.0006000000284984708,0,0.0006000000284984708,0.0006000000284984708,0.0006000000284984708
08-02-2021,0.0006000000284984708,0.0006000000284984708,0,0.0006000000284984708,0.0006000000284984708,0.0006000000284984708
09-02-2021,0.0006000000284984708,0.0006000000284984708,0,0.0006000000284984708,0.0006000000284984708,0.0006000000284984708
10-02-2021,0.0006000000284984708,0.0006000000284984708,0,0.0006000000284984708,0.0006000000284984708,0.0006000000284984708
11-02-2021,0.0006000000284984708,0.0006000000284984708,0,0.0006000000284984708,0.0006000000284984708,0.0006000000284984708
12-02-2021,0.0006000000284984708,0.0006000000284984708,0,0.0006000000284984708,0.0006000000284984708,0.0006000000284984708
16-02-2021,0.0006000000284984708,0.0006000000284984708,0,0.0006000000284984708,0.0006000000284984708,0.0006000000284984708
17-02-2021,0.013000000268220901,0.013000000268220901,768,0.013000000268220901,0.013000000268220901,0.013000000268220901
18-02-2021,0.013000000268220901,0.013000000268220901,0,0.013000000268220901,0.013000000268220901,0.013000000268220901
19-02-2021,0.013000000268220901,0.013000000268220901,0,0.013000000268220901,0.013000000268220901,0.013000000268220901
22-02-2021,0.013000000268220901,0.013000000268220901,2995,0.013000000268220901,0.013000000268220901,0.013000000268220901
23-02-2021,0.013000000268220901,0.013000000268220901,4500,0.013000000268220901,0.013000000268220901,0.013000000268220901
24-02-2021,0.013000000268220901,0.013000000268220901,0,0.013000000268220901,0.013000000268220901,0.013000000268220901
25-02-2021,0.013000000268220901,0.013000000268220901,0,0.013000000268220901,0.013000000268220901,0.013000000268220901
26-02-2021,0.013000000268220901,0.013000000268220901,0,0.013000000268220901,0.013000000268220901,0.013000000268220901
01-03-2021,0.013000000268220901,0.013000000268220901,0,0.013000000268220901,0.013000000268220901,0.013000000268220901
02-03-2021,0.013000000268220901,0.013000000268220901,0,0.013000000268220901,0.013000000268220901,0.013000000268220901
03-03-2021,0.013000000268220901,0.013000000268220901,0,0.013000000268220901,0.013000000268220901,0.013000000268220901
04-03-2021,0.0010000000474974513,0.013000000268220901,1000,0.013000000268220901,0.0010000000474974513,0.0010000000474974513
05-03-2021,0.0010000000474974513,0.0010000000474974513,0,0.0010000000474974513,0.0010000000474974513,0.0010000000474974513
08-03-2021,0.013000000268220901,0.013000000268220901,4000,0.013000000268220901,0.013000000268220901,0.013000000268220901
09-03-2021,0.013000000268220901,0.013000000268220901,0,0.013000000268220901,0.013000000268220901,0.013000000268220901
10-03-2021,0.013000000268220901,0.013000000268220901,10000,0.013000000268220901,0.013000000268220901,0.013000000268220901
11-03-2021,0.013000000268220901,0.013000000268220901,0,0.013000000268220901,0.013000000268220901,0.013000000268220901
12-03-2021,0.013000000268220901,0.013000000268220901,0,0.013000000268220901,0.013000000268220901,0.013000000268220901
15-03-2021,0.013000000268220901,0.013000000268220901,0,0.013000000268220901,0.013000000268220901,0.013000000268220901
16-03-2021,0.00800000037997961,0.008999999612569809,25000,0.008999999612569809,0.00800000037997961,0.00800000037997961
17-03-2021,0.00800000037997961,0.00800000037997961,0,0.00800000037997961,0.00800000037997961,0.00800000037997961
18-03-2021,0.00800000037997961,0.00800000037997961,0,0.00800000037997961,0.00800000037997961,0.00800000037997961
19-03-2021,0.00800000037997961,0.00800000037997961,0,0.00800000037997961,0.00800000037997961,0.00800000037997961
22-03-2021,0.00800000037997961,0.00800000037997961,0,0.00800000037997961,0.00800000037997961,0.00800000037997961
23-03-2021,0.00800000037997961,0.00800000037997961,0,0.00800000037997961,0.00800000037997961,0.00800000037997961
24-03-2021,0.007000000216066837,0.007000000216066837,625,0.007000000216066837,0.007000000216066837,0.007000000216066837
25-03-2021,0.007000000216066837,0.007000000216066837,0,0.007000000216066837,0.007000000216066837,0.007000000216066837
26-03-2021,0.007000000216066837,0.007000000216066837,0,0.007000000216066837,0.007000000216066837,0.007000000216066837
29-03-2021,0.007000000216066837,0.007000000216066837,0,0.007000000216066837,0.007000000216066837,0.007000000216066837
30-03-2021,0.007000000216066837,0.007000000216066837,0,0.007000000216066837,0.007000000216066837,0.007000000216066837
31-03-2021,0.007000000216066837,0.007000000216066837,0,0.007000000216066837,0.007000000216066837,0.007000000216066837
01-04-2021,0.007000000216066837,0.007000000216066837,0,0.007000000216066837,0.007000000216066837,0.007000000216066837
05-04-2021,0.007000000216066837,0.007000000216066837,0,0.007000000216066837,0.007000000216066837,0.007000000216066837
06-04-2021,0.007000000216066837,0.007000000216066837,0,0.007000000216066837,0.007000000216066837,0.007000000216066837
07-04-2021,0.007000000216066837,0.007000000216066837,0,0.007000000216066837,0.007000000216066837,0.007000000216066837
08-04-2021,0.007000000216066837,0.007000000216066837,0,0.007000000216066837,0.007000000216066837,0.007000000216066837
09-04-2021,0.007000000216066837,0.007000000216066837,0,0.007000000216066837,0.007000000216066837,0.007000000216066837
12-04-2021,0.007000000216066837,0.007000000216066837,0,0.007000000216066837,0.007000000216066837,0.007000000216066837
13-04-2021,0.007000000216066837,0.007000000216066837,0,0.007000000216066837,0.007000000216066837,0.007000000216066837
14-04-2021,0.004000000189989805,0.004000000189989805,55000,0.004000000189989805,0.004000000189989805,0.004000000189989805
15-04-2021,0.004000000189989805,0.004000000189989805,0,0.004000000189989805,0.004000000189989805,0.004000000189989805
16-04-2021,0.003000000026077032,0.003000000026077032,35000,0.003000000026077032,0.003000000026077032,0.003000000026077032
19-04-2021,0.003000000026077032,0.003000000026077032,0,0.003000000026077032,0.003000000026077032,0.003000000026077032
20-04-2021,0.003000000026077032,0.003000000026077032,0,0.003000000026077032,0.003000000026077032,0.003000000026077032
21-04-2021,0.003000000026077032,0.003000000026077032,0,0.003000000026077032,0.003000000026077032,0.003000000026077032
22-04-2021,0.003000000026077032,0.003000000026077032,0,0.003000000026077032,0.003000000026077032,0.003000000026077032
23-04-2021,0.003000000026077032,0.003000000026077032,0,0.003000000026077032,0.003000000026077032,0.003000000026077032
26-04-2021,0.003000000026077032,0.003000000026077032,0,0.003000000026077032,0.003000000026077032,0.003000000026077032
27-04-2021,0.003000000026077032,0.003000000026077032,0,0.003000000026077032,0.003000000026077032,0.003000000026077032
28-04-2021,0.003000000026077032,0.003000000026077032,0,0.003000000026077032,0.003000000026077032,0.003000000026077032
29-04-2021,0.003000000026077032,0.003000000026077032,0,0.003000000026077032,0.003000000026077032,0.003000000026077032
30-04-2021,0.003000000026077032,0.003000000026077032,0,0.003000000026077032,0.003000000026077032,0.003000000026077032
03-05-2021,0.003000000026077032,0.003000000026077032,0,0.003000000026077032,0.003000000026077032,0.003000000026077032
04-05-2021,0.0010000000474974513,0.0010000000474974513,210000,0.0010000000474974513,0.0010000000474974513,0.0010000000474974513
05-05-2021,0.0010000000474974513,0.0010000000474974513,0,0.0010000000474974513,0.0010000000474974513,0.0010000000474974513
06-05-2021,0.0010000000474974513,0.0010000000474974513,0,0.0010000000474974513,0.0010000000474974513,0.0010000000474974513
07-05-2021,0.0010000000474974513,0.0010000000474974513,0,0.0010000000474974513,0.0010000000474974513,0.0010000000474974513
10-05-2021,0.0010000000474974513,0.0010000000474974513,0,0.0010000000474974513,0.0010000000474974513,0.0010000000474974513
11-05-2021,0.0010000000474974513,0.0010000000474974513,0,0.0010000000474974513,0.0010000000474974513,0.0010000000474974513
12-05-2021,0.0010000000474974513,0.0010000000474974513,0,0.0010000000474974513,0.0010000000474974513,0.0010000000474974513
13-05-2021,0.0010000000474974513,0.0010000000474974513,0,0.0010000000474974513,0.0010000000474974513,0.0010000000474974513
14-05-2021,0.0010000000474974513,0.0010000000474974513,0,0.0010000000474974513,0.0010000000474974513,0.0010000000474974513
17-05-2021,0.0010000000474974513,0.0010000000474974513,0,0.0010000000474974513,0.0010000000474974513,0.0010000000474974513
18-05-2021,0.0010000000474974513,0.0010000000474974513,0,0.0010000000474974513,0.0010000000474974513,0.0010000000474974513
19-05-2021,0.0010999999940395355,0.0010999999940395355,27500,0.0010999999940395355,0.0010999999940395355,0.0010999999940395355
20-05-2021,0.0010999999940395355,0.0010999999940395355,0,0.0010999999940395355,0.0010999999940395355,0.0010999999940395355
21-05-2021,0.0010999999940395355,0.0010999999940395355,0,0.0010999999940395355,0.0010999999940395355,0.0010999999940395355
24-05-2021,0.0010999999940395355,0.0010999999940395355,0,0.0010999999940395355,0.0010999999940395355,0.0010999999940395355
25-05-2021,0.00039999998989515007,0.00039999998989515007,10000,0.00039999998989515007,0.00039999998989515007,0.00039999998989515007
26-05-2021,0.00039999998989515007,0.00039999998989515007,0,0.00039999998989515007,0.00039999998989515007,0.00039999998989515007
27-05-2021,0.00039999998989515007,0.00039999998989515007,0,0.00039999998989515007,0.00039999998989515007,0.00039999998989515007
28-05-2021,0.00039999998989515007,0.00039999998989515007,0,0.00039999998989515007,0.00039999998989515007,0.00039999998989515007
01-06-2021,0.00039999998989515007,0.00039999998989515007,0,0.00039999998989515007,0.00039999998989515007,0.00039999998989515007
02-06-2021,0.00039999998989515007,0.00039999998989515007,0,0.00039999998989515007,0.00039999998989515007,0.00039999998989515007
03-06-2021,0.00039999998989515007,0.00039999998989515007,0,0.00039999998989515007,0.00039999998989515007,0.00039999998989515007
04-06-2021,0.00039999998989515007,0.00039999998989515007,0,0.00039999998989515007,0.00039999998989515007,0.00039999998989515007
07-06-2021,0.00039999998989515007,0.00039999998989515007,0,0.00039999998989515007,0.00039999998989515007,0.00039999998989515007
08-06-2021,0.00039999998989515007,0.00039999998989515007,0,0.00039999998989515007,0.00039999998989515007,0.00039999998989515007
09-06-2021,0.00039999998989515007,0.00039999998989515007,0,0.00039999998989515007,0.00039999998989515007,0.00039999998989515007
10-06-2021,0.00039999998989515007,0.00039999998989515007,0,0.00039999998989515007,0.00039999998989515007,0.00039999998989515007
11-06-2021,0.00039999998989515007,0.00039999998989515007,0,0.00039999998989515007,0.00039999998989515007,0.00039999998989515007
14-06-2021,0.00039999998989515007,0.00039999998989515007,0,0.00039999998989515007,0.00039999998989515007,0.00039999998989515007
15-06-2021,0.00039999998989515007,0.00039999998989515007,0,0.00039999998989515007,0.00039999998989515007,0.00039999998989515007
16-06-2021,0.00039999998989515007,0.00039999998989515007,0,0.00039999998989515007,0.00039999998989515007,0.00039999998989515007
17-06-2021,0.00039999998989515007,0.00039999998989515007,0,0.00039999998989515007,0.00039999998989515007,0.00039999998989515007
18-06-2021,0.00039999998989515007,0.00039999998989515007,0,0.00039999998989515007,0.00039999998989515007,0.00039999998989515007
21-06-2021,0.00039999998989515007,0.00039999998989515007,0,0.00039999998989515007,0.00039999998989515007,0.00039999998989515007
22-06-2021,0.00039999998989515007,0.00039999998989515007,0,0.00039999998989515007,0.00039999998989515007,0.00039999998989515007
23-06-2021,0.00039999998989515007,0.00039999998989515007,0,0.00039999998989515007,0.00039999998989515007,0.00039999998989515007
24-06-2021,0.00039999998989515007,0.00039999998989515007,0,0.00039999998989515007,0.00039999998989515007,0.00039999998989515007
25-06-2021,9.999999747378752e-05,9.999999747378752e-05,85637,9.999999747378752e-05,9.999999747378752e-05,9.999999747378752e-05
28-06-2021,0.0010000000474974513,0.0010000000474974513,2686575,0.029999999329447746,0.007499999832361937,0.007499999832361937
29-06-2021,0.007499999832361937,0.007499999832361937,0,0.007499999832361937,0.007499999832361937,0.007499999832361937
30-06-2021,0.004999999888241291,0.009999999776482582,122200,0.009999999776482582,0.004999999888241291,0.004999999888241291
01-07-2021,0.004999999888241291,0.004999999888241291,0,0.004999999888241291,0.004999999888241291,0.004999999888241291
02-07-2021,0.004999999888241291,0.004999999888241291,222849,0.004999999888241291,0.004999999888241291,0.004999999888241291
06-07-2021,0.004999999888241291,0.004999999888241291,0,0.004999999888241291,0.004999999888241291,0.004999999888241291
07-07-2021,0.0020000000949949026,0.0020000000949949026,10000,0.0020000000949949026,0.0020000000949949026,0.0020000000949949026
08-07-2021,0.0020000000949949026,0.0020000000949949026,0,0.0020000000949949026,0.0020000000949949026,0.0020000000949949026
09-07-2021,0.0020000000949949026,0.0020000000949949026,0,0.0020000000949949026,0.0020000000949949026,0.0020000000949949026
12-07-2021,0.0020000000949949026,0.0020000000949949026,0,0.0020000000949949026,0.0020000000949949026,0.0020000000949949026
13-07-2021,0.0020000000949949026,0.0020000000949949026,0,0.0020000000949949026,0.0020000000949949026,0.0020000000949949026
14-07-2021,0.002400000113993883,0.002400000113993883,511749,0.04500000178813934,0.019999999552965164,0.019999999552965164
15-07-2021,0.019999999552965164,0.019999999552965164,10000,0.019999999552965164,0.019999999552965164,0.019999999552965164
16-07-2021,0.019999999552965164,0.019999999552965164,0,0.019999999552965164,0.019999999552965164,0.019999999552965164
19-07-2021,0.019999999552965164,0.019999999552965164,0,0.019999999552965164,0.019999999552965164,0.019999999552965164
20-07-2021,0.019999999552965164,0.019999999552965164,0,0.019999999552965164,0.019999999552965164,0.019999999552965164
21-07-2021,0.019999999552965164,0.019999999552965164,0,0.019999999552965164,0.019999999552965164,0.019999999552965164
22-07-2021,0.019999999552965164,0.019999999552965164,0,0.019999999552965164,0.019999999552965164,0.019999999552965164
23-07-2021,0.019999999552965164,0.019999999552965164,0,0.019999999552965164,0.019999999552965164,0.019999999552965164
26-07-2021,0.019999999552965164,0.019999999552965164,0,0.019999999552965164,0.019999999552965164,0.019999999552965164
27-07-2021,0.019999999552965164,0.019999999552965164,0,0.019999999552965164,0.019999999552965164,0.019999999552965164
28-07-2021,0.019999999552965164,0.019999999552965164,0,0.019999999552965164,0.019999999552965164,0.019999999552965164
29-07-2021,0.019999999552965164,0.019999999552965164,0,0.019999999552965164,0.019999999552965164,0.019999999552965164
30-07-2021,0.019999999552965164,0.019999999552965164,0,0.019999999552965164,0.019999999552965164,0.019999999552965164
02-08-2021,0.009999999776482582,0.009999999776482582,12500,0.009999999776482582,0.009999999776482582,0.009999999776482582
03-08-2021,0.009800000116229057,0.009800000116229057,11217,0.009800000116229057,0.009800000116229057,0.009800000116229057
04-08-2021,0.009800000116229057,0.009800000116229057,0,0.009800000116229057,0.009800000116229057,0.009800000116229057
05-08-2021,0.009800000116229057,0.009800000116229057,0,0.009800000116229057,0.009800000116229057,0.009800000116229057
06-08-2021,0.002099999925121665,0.002099999925121665,110000,0.009999999776482582,0.009999999776482582,0.009999999776482582
09-08-2021,0.002199999988079071,0.002199999988079071,78783,0.002199999988079071,0.002199999988079071,0.002199999988079071
10-08-2021,0.009999999776482582,0.009999999776482582,25000,0.019999999552965164,0.019999999552965164,0.019999999552965164
11-08-2021,0.0024999999441206455,0.0024999999441206455,86500,0.014999999664723873,0.014999999664723873,0.014999999664723873
12-08-2021,0.017999999225139618,0.017999999225139618,20000,0.019999999552965164,0.019999999552965164,0.019999999552965164
13-08-2021,0.019999999552965164,0.019999999552965164,0,0.019999999552965164,0.019999999552965164,0.019999999552965164
16-08-2021,0.019999999552965164,0.019999999552965164,0,0.019999999552965164,0.019999999552965164,0.019999999552965164
17-08-2021,0.019999999552965164,0.019999999552965164,0,0.019999999552965164,0.019999999552965164,0.019999999552965164
18-08-2021,0.01899999938905239,0.01899999938905239,33500,0.019999999552965164,0.019999999552965164,0.019999999552965164
19-08-2021,0.009999999776482582,0.009999999776482582,40000,0.01979999989271164,0.01979999989271164,0.01979999989271164
20-08-2021,0.019999999552965164,0.019999999552965164,10000,0.019999999552965164,0.019999999552965164,0.019999999552965164
23-08-2021,0.019999999552965164,0.019999999552965164,10000,0.019999999552965164,0.019999999552965164,0.019999999552965164
24-08-2021,0.019999999552965164,0.019999999552965164,40000,0.019999999552965164,0.019999999552965164,0.019999999552965164
25-08-2021,0.019999999552965164,0.019999999552965164,1357,0.019999999552965164,0.019999999552965164,0.019999999552965164
26-08-2021,0.019999999552965164,0.019999999552965164,0,0.019999999552965164,0.019999999552965164,0.019999999552965164
27-08-2021,0.019999999552965164,0.019999999552965164,0,0.019999999552965164,0.019999999552965164,0.019999999552965164
30-08-2021,0.019999999552965164,0.019999999552965164,0,0.019999999552965164,0.019999999552965164,0.019999999552965164
31-08-2021,0.019999999552965164,0.019999999552965164,0,0.019999999552965164,0.019999999552965164,0.019999999552965164
01-09-2021,0.019999999552965164,0.019999999552965164,0,0.019999999552965164,0.019999999552965164,0.019999999552965164
02-09-2021,0.019999999552965164,0.019999999552965164,20000,0.019999999552965164,0.019999999552965164,0.019999999552965164
03-09-2021,0.014999999664723873,0.014999999664723873,88643,0.014999999664723873,0.014999999664723873,0.014999999664723873
07-09-2021,0.014999999664723873,0.014999999664723873,0,0.014999999664723873,0.014999999664723873,0.014999999664723873
08-09-2021,0.010999999940395355,0.011500000022351742,42500,0.05000000074505806,0.05000000074505806,0.05000000074505806
09-09-2021,0.03500000014901161,0.03500000014901161,52500,0.05000000074505806,0.05000000074505806,0.05000000074505806
10-09-2021,0.05000000074505806,0.05000000074505806,2000,0.05000000074505806,0.05000000074505806,0.05000000074505806
13-09-2021,0.005200000014156103,0.01119999960064888,102243,0.03060000017285347,0.005200000014156103,0.005200000014156103
14-09-2021,0.005200000014156103,0.005200000014156103,0,0.005200000014156103,0.005200000014156103,0.005200000014156103
15-09-2021,0.02500000037252903,0.02500000037252903,12300,0.02500000037252903,0.02500000037252903,0.02500000037252903
16-09-2021,0.010999999940395355,0.010999999940395355,45000,0.010999999940395355,0.010999999940395355,0.010999999940395355
17-09-2021,0.04100000113248825,0.04100000113248825,2000,0.04100000113248825,0.04100000113248825,0.04100000113248825
20-09-2021,0.04100000113248825,0.04100000113248825,0,0.04100000113248825,0.04100000113248825,0.04100000113248825
21-09-2021,0.04100000113248825,0.04100000113248825,0,0.04100000113248825,0.04100000113248825,0.04100000113248825
22-09-2021,0.04100000113248825,0.04100000113248825,0,0.04100000113248825,0.04100000113248825,0.04100000113248825
23-09-2021,0.02500000037252903,0.039799999445676804,40766,0.25,0.02500000037252903,0.02500000037252903
24-09-2021,0.16975000500679016,0.16975000500679016,10000,0.19949999451637268,0.19949999451637268,0.19949999451637268
27-09-2021,0.02290000021457672,0.02290000021457672,9000,0.02290000021457672,0.02290000021457672,0.02290000021457672
28-09-2021,0.02290000021457672,0.02290000021457672,0,0.02290000021457672,0.02290000021457672,0.02290000021457672
29-09-2021,0.02290000021457672,0.02290000021457672,0,0.02290000021457672,0.02290000021457672,0.02290000021457672
30-09-2021,0.02290000021457672,0.02290000021457672,0,0.02290000021457672,0.02290000021457672,0.02290000021457672
01-10-2021,0.02290000021457672,0.02290000021457672,0,0.02290000021457672,0.02290000021457672,0.02290000021457672
04-10-2021,0.02290000021457672,0.02290000021457672,0,0.02290000021457672,0.02290000021457672,0.02290000021457672
05-10-2021,0.02290000021457672,0.02290000021457672,0,0.02290000021457672,0.02290000021457672,0.02290000021457672
06-10-2021,0.02290000021457672,0.02290000021457672,0,0.02290000021457672,0.02290000021457672,0.02290000021457672
07-10-2021,0.02290000021457672,0.02290000021457672,0,0.02290000021457672,0.02290000021457672,0.02290000021457672
08-10-2021,0.02290000021457672,0.02290000021457672,0,0.02290000021457672,0.02290000021457672,0.02290000021457672
11-10-2021,0.02290000021457672,0.02290000021457672,0,0.02290000021457672,0.02290000021457672,0.02290000021457672
12-10-2021,0.05050000175833702,0.05050000175833702,90144,0.09830000251531601,0.09830000251531601,0.09830000251531601
13-10-2021,0.03700000047683716,0.03700000047683716,15400,0.09799999743700027,0.09799999743700027,0.09799999743700027
14-10-2021,0.09799999743700027,0.09799999743700027,0,0.09799999743700027,0.09799999743700027,0.09799999743700027
15-10-2021,0.09799999743700027,0.09799999743700027,0,0.09799999743700027,0.09799999743700027,0.09799999743700027
18-10-2021,0.09799999743700027,0.09799999743700027,0,0.09799999743700027,0.09799999743700027,0.09799999743700027
19-10-2021,0.09799999743700027,0.09799999743700027,0,0.09799999743700027,0.09799999743700027,0.09799999743700027
20-10-2021,0.09799999743700027,0.09799999743700027,0,0.09799999743700027,0.09799999743700027,0.09799999743700027
21-10-2021,0.03739999979734421,0.07240000367164612,850,0.07240000367164612,0.03739999979734421,0.03739999979734421
22-10-2021,0.03739999979734421,0.03739999979734421,0,0.03739999979734421,0.03739999979734421,0.03739999979734421
25-10-2021,0.042399998754262924,0.042399998754262924,24000,0.042399998754262924,0.042399998754262924,0.042399998754262924
26-10-2021,0.042399998754262924,0.042399998754262924,0,0.042399998754262924,0.042399998754262924,0.042399998754262924
27-10-2021,0.042399998754262924,0.042399998754262924,0,0.042399998754262924,0.042399998754262924,0.042399998754262924
28-10-2021,0.042399998754262924,0.042399998754262924,0,0.042399998754262924,0.042399998754262924,0.042399998754262924
29-10-2021,0.042399998754262924,0.042399998754262924,0,0.042399998754262924,0.042399998754262924,0.042399998754262924
01-11-2021,0.03700000047683716,0.03700000047683716,5950,0.03700000047683716,0.03700000047683716,0.03700000047683716
02-11-2021,0.03700000047683716,0.03700000047683716,0,0.03700000047683716,0.03700000047683716,0.03700000047683716
03-11-2021,0.03700000047683716,0.03700000047683716,0,0.03700000047683716,0.03700000047683716,0.03700000047683716
04-11-2021,0.03700000047683716,0.03700000047683716,0,0.03700000047683716,0.03700000047683716,0.03700000047683716
05-11-2021,0.026000000536441803,0.026000000536441803,7250,0.061400000005960464,0.061400000005960464,0.061400000005960464
08-11-2021,0.061400000005960464,0.061400000005960464,0,0.061400000005960464,0.061400000005960464,0.061400000005960464
09-11-2021,0.061400000005960464,0.061400000005960464,0,0.061400000005960464,0.061400000005960464,0.061400000005960464
10-11-2021,0.061400000005960464,0.061400000005960464,0,0.061400000005960464,0.061400000005960464,0.061400000005960464
11-11-2021,0.061400000005960464,0.061400000005960464,0,0.061400000005960464,0.061400000005960464,0.061400000005960464
12-11-2021,0.061400000005960464,0.061400000005960464,0,0.061400000005960464,0.061400000005960464,0.061400000005960464
15-11-2021,0.061400000005960464,0.061400000005960464,0,0.061400000005960464,0.061400000005960464,0.061400000005960464
16-11-2021,0.061400000005960464,0.061400000005960464,0,0.061400000005960464,0.061400000005960464,0.061400000005960464
17-11-2021,0.061400000005960464,0.061400000005960464,0,0.061400000005960464,0.061400000005960464,0.061400000005960464
18-11-2021,0.061400000005960464,0.061400000005960464,0,0.061400000005960464,0.061400000005960464,0.061400000005960464
19-11-2021,0.061400000005960464,0.061400000005960464,0,0.061400000005960464,0.061400000005960464,0.061400000005960464
22-11-2021,0.061400000005960464,0.061400000005960464,0,0.061400000005960464,0.061400000005960464,0.061400000005960464
23-11-2021,0.061400000005960464,0.061400000005960464,0,0.061400000005960464,0.061400000005960464,0.061400000005960464
24-11-2021,0.026000000536441803,0.026000000536441803,2000,0.05820000171661377,0.05820000171661377,0.05820000171661377
26-11-2021,0.05820000171661377,0.05820000171661377,0,0.05820000171661377,0.05820000171661377,0.05820000171661377
