Date,Low,Open,Volume,High,Close,Adjusted Close
31-07-2014,22.600000381469727,23.0,56477500,24.0,23.0,20.16315460205078
01-08-2014,22.670000076293945,22.899999618530273,6458900,23.0,23.0,20.16315460205078
04-08-2014,22.899999618530273,23.100000381469727,3455900,23.1299991607666,23.0,20.16315460205078
05-08-2014,22.670000076293945,22.989999771118164,4450200,23.010000228881836,23.0,20.16315460205078
06-08-2014,22.670000076293945,22.799999237060547,6993400,22.979999542236328,22.979999542236328,20.145620346069336
07-08-2014,22.799999237060547,22.889999389648438,3186900,23.0,22.93000030517578,20.101789474487305
08-08-2014,22.799999237060547,22.93000030517578,2855000,23.030000686645508,22.950000762939453,20.119325637817383
11-08-2014,22.799999237060547,22.899999618530273,1767500,22.93000030517578,22.93000030517578,20.101789474487305
12-08-2014,22.829999923706055,22.889999389648438,1549700,23.0,23.0,20.16315460205078
13-08-2014,22.8799991607666,23.0,1659100,23.229999542236328,23.18000030517578,20.320953369140625
14-08-2014,22.950000762939453,23.200000762939453,1391700,23.219999313354492,23.010000228881836,20.171920776367188
15-08-2014,23.0,23.020000457763672,1948100,23.079999923706055,23.0,20.16315460205078
18-08-2014,23.020000457763672,23.059999465942383,1073700,23.170000076293945,23.170000076293945,20.312185287475586
19-08-2014,23.200000762939453,23.200000762939453,2851800,24.434999465942383,24.40999984741211,21.399242401123047
20-08-2014,24.260000228881836,24.299999237060547,3544500,25.59000015258789,25.190000534057617,22.083038330078125
21-08-2014,24.920000076293945,25.469999313354492,2358000,25.520000457763672,25.389999389648438,22.25836753845215
22-08-2014,25.100000381469727,25.25,891600,25.43000030517578,25.360000610351562,22.232070922851562
25-08-2014,24.8799991607666,25.3700008392334,1185400,25.399999618530273,25.1200008392334,22.021671295166016
26-08-2014,24.940000534057617,25.0,951000,25.100000381469727,25.049999237060547,21.96030044555664
27-08-2014,24.950000762939453,25.0,1230600,25.540000915527344,25.469999313354492,22.328500747680664
28-08-2014,25.309999465942383,25.399999618530273,981700,25.84000015258789,25.690000534057617,22.521366119384766
29-08-2014,25.450000762939453,25.809999465942383,981200,25.940000534057617,25.790000915527344,22.60903549194336
02-09-2014,25.520000457763672,25.700000762939453,1873200,25.899999618530273,25.790000915527344,22.60903549194336
03-09-2014,25.6299991607666,25.989999771118164,996500,25.996999740600586,25.790000915527344,22.60903549194336
04-09-2014,25.510000228881836,25.530000686645508,1117500,25.75,25.700000762939453,22.530132293701172
05-09-2014,25.6200008392334,25.700000762939453,1089800,26.020000457763672,25.770000457763672,22.59149742126465
08-09-2014,24.6200008392334,25.81999969482422,2534800,25.979999542236328,24.84000015258789,21.776206970214844
09-09-2014,24.700000762939453,25.299999237060547,3608600,25.600000381469727,25.040000915527344,21.951534271240234
10-09-2014,24.690000534057617,25.190000534057617,1974600,25.30500030517578,24.700000762939453,21.653472900390625
11-09-2014,24.6299991607666,24.75,2029100,25.020000457763672,24.649999618530273,21.60964012145996
12-09-2014,24.440000534057617,24.530000686645508,1106800,24.75,24.5,21.478145599365234
15-09-2014,23.920000076293945,24.350000381469727,1125600,24.3799991607666,24.149999618530273,21.171308517456055
16-09-2014,23.8799991607666,24.239999771118164,1512100,24.360000610351562,24.309999465942383,21.31157684326172
17-09-2014,24.360000610351562,24.450000762939453,940400,24.690000534057617,24.549999237060547,21.521974563598633
18-09-2014,24.559999465942383,24.56999969482422,879100,24.84000015258789,24.670000076293945,21.627172470092773
19-09-2014,24.709999084472656,24.850000381469727,5257900,25.489999771118164,25.40999984741211,22.275903701782227
22-09-2014,24.75,25.280000686645508,737000,25.360000610351562,24.84000015258789,21.776206970214844
23-09-2014,24.18000030517578,24.65999984741211,940000,24.700000762939453,24.579999923706055,21.548276901245117
24-09-2014,24.674999237060547,24.729999542236328,964600,25.0,24.920000076293945,21.846338272094727
25-09-2014,24.610000610351562,24.979999542236328,1350800,24.979999542236328,24.6299991607666,21.59210968017578
26-09-2014,24.34000015258789,24.610000610351562,1252800,24.799999237060547,24.770000457763672,21.714839935302734
29-09-2014,24.34000015258789,24.56999969482422,1482000,24.774999618530273,24.700000762939453,21.653472900390625
30-09-2014,24.209999084472656,24.8700008392334,8795100,25.1200008392334,24.549999237060547,21.521974563598633
01-10-2014,24.18000030517578,24.440000534057617,1196600,24.59000015258789,24.219999313354492,21.232677459716797
02-10-2014,23.760000228881836,24.350000381469727,1253000,24.690000534057617,24.579999923706055,21.548276901245117
03-10-2014,24.40999984741211,24.780000686645508,1737500,25.09000015258789,24.829999923706055,21.767438888549805
06-10-2014,24.75,24.860000610351562,1057100,25.104999542236328,25.0,21.916471481323242
07-10-2014,24.549999237060547,24.940000534057617,803600,24.966999053955078,24.850000381469727,21.78497886657715
08-10-2014,24.700000762939453,24.809999465942383,1074500,25.020000457763672,25.020000457763672,21.934005737304688
09-10-2014,24.43000030517578,25.020000457763672,2536300,25.059999465942383,24.549999237060547,21.521974563598633
10-10-2014,24.139999389648438,24.5,1561700,24.719999313354492,24.200000762939453,21.215145111083984
13-10-2014,24.200000762939453,24.260000228881836,1726100,24.770000457763672,24.459999084472656,21.443077087402344
14-10-2014,24.579999923706055,24.6299991607666,1036400,24.950000762939453,24.850000381469727,21.78497886657715
15-10-2014,24.030000686645508,24.739999771118164,1529300,24.969999313354492,24.520000457763672,21.495676040649414
16-10-2014,24.1299991607666,24.200000762939453,1889000,24.799999237060547,24.600000381469727,21.56580924987793
17-10-2014,24.649999618530273,24.719999313354492,981700,25.100000381469727,24.780000686645508,21.72361183166504
20-10-2014,24.399999618530273,24.75,938300,24.854999542236328,24.709999084472656,21.662240982055664
21-10-2014,24.709999084472656,24.770000457763672,1699700,25.260000228881836,25.170000076293945,22.065502166748047
22-10-2014,25.149999618530273,25.25,1546100,25.450000762939453,25.3799991607666,22.24959945678711
23-10-2014,25.440000534057617,25.469999313354492,970100,25.90999984741211,25.809999465942383,22.626567840576172
24-10-2014,25.75,25.75,1223100,26.360000610351562,26.110000610351562,22.889564514160156
27-10-2014,26.020000457763672,26.079999923706055,1011400,26.79400062561035,26.530000686645508,23.25775909423828
28-10-2014,26.60300064086914,26.729999542236328,1002300,27.10300064086914,26.850000381469727,23.538286209106445
29-10-2014,26.670000076293945,26.809999465942383,730100,27.079999923706055,27.0,23.669788360595703
30-10-2014,26.510000228881836,27.079999923706055,1039100,27.447999954223633,26.790000915527344,23.485694885253906
31-10-2014,26.850000381469727,27.049999237060547,934600,27.110000610351562,27.020000457763672,23.68732452392578
03-11-2014,26.850000381469727,27.079999923706055,983700,27.760000228881836,27.34000015258789,23.967849731445312
04-11-2014,26.25,27.299999237060547,999300,27.450000762939453,27.010000228881836,23.678560256958008
05-11-2014,26.701000213623047,27.190000534057617,587300,27.5,27.469999313354492,24.081823348999023
06-11-2014,27.270000457763672,27.510000228881836,993100,27.770000457763672,27.579999923706055,24.17824935913086
07-11-2014,27.25,27.719999313354492,1165800,28.170000076293945,28.149999618530273,24.677949905395508
10-11-2014,28.0,28.229999542236328,1474200,28.8700008392334,28.770000457763672,25.22147560119629
11-11-2014,28.700000762939453,28.799999237060547,1643700,29.260000228881836,29.110000610351562,25.519535064697266
12-11-2014,28.641000747680664,29.0,1033700,29.15999984741211,29.030000686645508,25.44940757751465
13-11-2014,28.81999969482422,29.010000228881836,1656800,29.229999542236328,28.989999771118164,25.41434097290039
14-11-2014,28.850000381469727,28.920000076293945,1912000,29.559999465942383,29.049999237060547,25.466941833496094
17-11-2014,28.829999923706055,29.049999237060547,1010300,29.25,29.1299991607666,25.537073135375977
18-11-2014,28.78499984741211,29.209999084472656,948900,29.43000030517578,28.950000762939453,25.379274368286133
19-11-2014,28.649999618530273,28.989999771118164,2141800,29.0,28.940000534057617,25.370508193969727
20-11-2014,28.90999984741211,28.959999084472656,1300600,29.350000381469727,29.239999771118164,25.633502960205078
21-11-2014,29.010000228881836,29.299999237060547,1003900,29.399999618530273,29.170000076293945,25.572139739990234
24-11-2014,28.850000381469727,29.270000457763672,1177500,29.40999984741211,28.969999313354492,25.396804809570312
25-11-2014,28.030000686645508,28.93000030517578,5938500,29.31999969482422,28.65999984741211,25.12504005432129
26-11-2014,28.739999771118164,28.829999923706055,1327400,29.079999923706055,28.799999237060547,25.247772216796875
28-11-2014,28.75,28.75,425200,29.030000686645508,29.010000228881836,25.431873321533203
01-12-2014,28.729999542236328,29.0,1020800,29.1299991607666,28.8799991607666,25.31791114807129
02-12-2014,28.886999130249023,28.940000534057617,1091200,29.30500030517578,29.049999237060547,25.466941833496094
03-12-2014,28.899999618530273,29.1200008392334,730200,29.139999389648438,29.0,25.42310333251953
04-12-2014,28.90999984741211,29.010000228881836,829000,29.34000015258789,29.149999618530273,25.554601669311523
05-12-2014,28.93000030517578,29.280000686645508,818700,29.290000915527344,29.25,25.64227294921875
08-12-2014,29.020000457763672,29.290000915527344,1644100,29.84000015258789,29.510000228881836,25.870201110839844
09-12-2014,29.197999954223633,29.530000686645508,1085700,29.635000228881836,29.520000457763672,25.878971099853516
10-12-2014,29.5,29.549999237060547,760000,29.899999618530273,29.649999618530273,25.99293327331543
11-12-2014,29.43199920654297,29.670000076293945,1057900,30.0,29.520000457763672,25.878971099853516
12-12-2014,28.93000030517578,29.329999923706055,1632500,29.479999542236328,29.0,25.42310333251953
15-12-2014,28.15999984741211,29.149999618530273,1310500,29.209999084472656,28.6299991607666,25.098739624023438
16-12-2014,28.149999618530273,28.600000381469727,2238500,28.65999984741211,28.440000534057617,24.932174682617188
17-12-2014,28.31999969482422,28.520000457763672,1311900,28.989999771118164,28.899999618530273,25.335437774658203
18-12-2014,28.940000534057617,29.3799991607666,1015700,29.8799991607666,29.75,26.08060073852539
19-12-2014,29.790000915527344,29.81999969482422,1337500,30.049999237060547,30.0,26.299766540527344
22-12-2014,29.5049991607666,29.610000610351562,770300,29.969999313354492,29.850000381469727,26.168264389038086
23-12-2014,29.719999313354492,30.040000915527344,504100,30.299999237060547,30.0,26.299766540527344
24-12-2014,29.969999313354492,30.110000610351562,78600,30.170000076293945,30.110000610351562,26.39620018005371
26-12-2014,30.06599998474121,30.170000076293945,426500,30.6200008392334,30.5,26.738088607788086
29-12-2014,30.270000457763672,30.450000762939453,296100,30.639999389648438,30.459999084472656,26.70302963256836
30-12-2014,29.889999389648438,30.489999771118164,517800,30.5,30.0,26.299766540527344
31-12-2014,29.68000030517578,30.110000610351562,430000,30.1299991607666,29.75,26.08060073852539
02-01-2015,29.350000381469727,29.790000915527344,580000,29.799999237060547,29.479999542236328,25.843904495239258
05-01-2015,28.68000030517578,29.3799991607666,1593900,29.6200008392334,29.25,25.64227294921875
06-01-2015,28.450000762939453,29.399999618530273,2198300,29.43000030517578,28.850000381469727,25.29161262512207
07-01-2015,28.90999984741211,29.520000457763672,1365100,29.68000030517578,29.200000762939453,25.598440170288086
08-01-2015,29.489999771118164,29.530000686645508,835000,30.100000381469727,29.979999542236328,26.28223419189453
09-01-2015,29.489999771118164,30.06999969482422,477600,30.06999969482422,29.700000762939453,26.036771774291992
12-01-2015,29.530000686645508,29.760000228881836,756800,29.799999237060547,29.530000686645508,25.887733459472656
13-01-2015,29.459999084472656,29.770000457763672,629700,30.0,29.709999084472656,26.045534133911133
14-01-2015,29.06999969482422,29.389999389648438,866800,29.600000381469727,29.149999618530273,25.554601669311523
15-01-2015,27.920000076293945,29.190000534057617,1093700,29.25,28.520000457763672,25.00231170654297
16-01-2015,28.20599937438965,28.34000015258789,425200,29.049999237060547,28.989999771118164,25.41434097290039
20-01-2015,28.610000610351562,28.989999771118164,958200,29.19499969482422,29.100000381469727,25.510772705078125
21-01-2015,28.969999313354492,29.100000381469727,863700,29.290000915527344,29.18000030517578,25.580902099609375
22-01-2015,28.43000030517578,29.219999313354492,2514800,29.5,29.049999237060547,25.466941833496094
23-01-2015,29.0,30.0,3170800,32.0,30.969999313354492,27.150121688842773
26-01-2015,30.719999313354492,30.799999237060547,3123200,31.459999084472656,31.329999923706055,27.465723037719727
27-01-2015,30.889999389648438,31.190000534057617,1401800,31.5,31.31999969482422,27.456953048706055
28-01-2015,31.100000381469727,31.760000228881836,1038100,31.760000228881836,31.25,27.395586013793945
29-01-2015,31.0,31.219999313354492,1383400,31.489999771118164,31.229999542236328,27.37805938720703
30-01-2015,30.770000457763672,31.110000610351562,1255100,31.329999923706055,30.860000610351562,27.053691864013672
02-02-2015,30.690000534057617,30.84000015258789,758800,31.190000534057617,31.15999984741211,27.316692352294922
03-02-2015,30.959999084472656,31.299999237060547,919900,31.5,31.1299991607666,27.290386199951172
04-02-2015,30.979999542236328,31.110000610351562,1276200,31.3799991607666,31.25,27.395586013793945
05-02-2015,31.1299991607666,31.270000457763672,1114100,32.08000183105469,32.0,28.05308723449707
06-02-2015,31.96500015258789,32.06999969482422,1115900,32.68000030517578,32.13999938964844,28.17581558227539
09-02-2015,32.0099983215332,32.119998931884766,1118100,32.404998779296875,32.400001525878906,28.403745651245117
10-02-2015,32.369998931884766,32.619998931884766,2354000,33.130001068115234,33.11000061035156,29.02617645263672
11-02-2015,33.0099983215332,33.25,2110800,33.61000061035156,33.54999923706055,29.41190528869629
12-02-2015,33.529998779296875,33.7400016784668,2334600,33.959999084472656,33.61000061035156,29.464506149291992
13-02-2015,32.619998931884766,33.38999938964844,1234700,33.56999969482422,32.79999923706055,28.754405975341797
17-02-2015,31.850000381469727,32.79999923706055,1728000,32.810001373291016,31.920000076293945,27.982952117919922
18-02-2015,31.75,31.799999237060547,1054500,32.20000076293945,31.90999984741211,27.974180221557617
19-02-2015,31.790000915527344,31.940000534057617,556200,32.08000183105469,31.8799991607666,27.947877883911133
20-02-2015,31.674999237060547,31.959999084472656,2082300,32.77000045776367,32.59000015258789,28.570310592651367
23-02-2015,32.25,32.560001373291016,868700,32.71099853515625,32.619998931884766,28.59661293029785
24-02-2015,31.90999984741211,32.459999084472656,1028800,33.0,32.36000061035156,28.368677139282227
25-02-2015,32.099998474121094,32.33000183105469,672500,32.59000015258789,32.290000915527344,28.307313919067383
26-02-2015,32.36000061035156,32.529998779296875,356800,32.709999084472656,32.45000076293945,28.44757843017578
27-02-2015,31.93000030517578,32.369998931884766,553100,32.54999923706055,31.950000762939453,28.00924301147461
02-03-2015,31.22100067138672,31.950000762939453,785700,32.040000915527344,31.959999084472656,28.01801300048828
03-03-2015,31.850000381469727,32.15999984741211,484600,32.25,32.13999938964844,28.17581558227539
04-03-2015,31.81999969482422,32.04999923706055,439600,32.04999923706055,31.889999389648438,27.956649780273438
05-03-2015,31.780000686645508,31.979999542236328,486000,32.470001220703125,31.959999084472656,28.01801300048828
06-03-2015,31.190000534057617,31.940000534057617,694100,32.0,31.200000762939453,27.35175895690918
09-03-2015,31.25,31.34000015258789,776300,32.154998779296875,31.979999542236328,28.03554916381836
10-03-2015,31.084999084472656,31.799999237060547,912300,31.93000030517578,31.100000381469727,27.26409149169922
11-03-2015,31.110000610351562,31.25,588900,31.719999313354492,31.549999237060547,27.658584594726562
12-03-2015,31.559999465942383,31.780000686645508,503200,32.02000045776367,31.889999389648438,27.956649780273438
13-03-2015,31.260000228881836,31.8700008392334,889900,31.940000534057617,31.81999969482422,27.895286560058594
16-03-2015,31.790000915527344,32.0,628200,32.0,31.950000762939453,28.00924301147461
17-03-2015,31.579999923706055,31.68000030517578,818500,32.439998626708984,32.22999954223633,28.254711151123047
18-03-2015,31.6299991607666,32.209999084472656,630600,32.209999084472656,31.920000076293945,27.982952117919922
19-03-2015,31.84000015258789,31.920000076293945,657000,32.400001525878906,32.369998931884766,28.37744140625
20-03-2015,32.209999084472656,32.5,1497200,32.8849983215332,32.25,28.272245407104492
23-03-2015,31.770000457763672,32.189998626708984,653900,32.529998779296875,31.780000686645508,27.860219955444336
24-03-2015,31.5,31.780000686645508,723600,31.920000076293945,31.649999618530273,27.746252059936523
25-03-2015,30.829999923706055,31.3799991607666,1175400,31.510000228881836,30.920000076293945,27.106292724609375
26-03-2015,30.3700008392334,31.010000228881836,887900,31.030000686645508,30.610000610351562,26.83452606201172
27-03-2015,29.93000030517578,30.739999771118164,960600,30.739999771118164,30.059999465942383,26.352367401123047
30-03-2015,30.059999465942383,30.15999984741211,577200,30.40999984741211,30.290000915527344,26.55399513244629
31-03-2015,29.969999313354492,30.239999771118164,1384200,30.489999771118164,30.350000381469727,26.60659408569336
01-04-2015,29.90999984741211,30.1299991607666,1138700,30.690000534057617,30.40999984741211,26.659194946289062
02-04-2015,30.239999771118164,30.399999618530273,841400,30.709999084472656,30.610000610351562,26.83452606201172
06-04-2015,29.690000534057617,30.5,1070800,30.829999923706055,29.84000015258789,26.159503936767578
07-04-2015,29.5,30.1299991607666,1467400,30.719999313354492,29.760000228881836,26.089366912841797
08-04-2015,29.72800064086914,29.799999237060547,734300,30.149999618530273,29.969999313354492,26.273466110229492
09-04-2015,29.899999618530273,30.020000457763672,839500,30.350000381469727,30.139999389648438,26.422496795654297
10-04-2015,30.149999618530273,30.239999771118164,1287800,30.75,30.59000015258789,26.816993713378906
13-04-2015,30.399999618530273,30.510000228881836,1199500,30.80500030517578,30.639999389648438,26.860828399658203
14-04-2015,30.510000228881836,30.670000076293945,806500,30.84000015258789,30.520000457763672,26.75562858581543
15-04-2015,30.479999542236328,30.510000228881836,389900,30.809999465942383,30.68000030517578,26.895893096923828
16-04-2015,30.299999237060547,30.700000762939453,1208000,30.940000534057617,30.770000457763672,26.97479820251465
17-04-2015,30.219999313354492,31.0,1362500,31.0,30.520000457763672,26.75562858581543
20-04-2015,30.600000381469727,31.100000381469727,2179500,31.280000686645508,30.899999618530273,27.08875274658203
21-04-2015,30.899999618530273,30.979999542236328,1879800,31.350000381469727,31.200000762939453,27.35175895690918
22-04-2015,31.020000457763672,31.799999237060547,2040200,32.040000915527344,31.040000915527344,27.21149253845215
23-04-2015,30.829999923706055,31.520000457763672,1391300,31.549999237060547,30.959999084472656,27.141355514526367
24-04-2015,30.6299991607666,30.93000030517578,661700,31.1200008392334,30.81999969482422,27.018625259399414
27-04-2015,30.559999465942383,30.829999923706055,625500,31.010000228881836,30.6200008392334,26.84329605102539
28-04-2015,30.5,30.809999465942383,567400,30.8799991607666,30.65999984741211,26.878358840942383
29-04-2015,30.270000457763672,30.56999969482422,1600200,31.059999465942383,30.739999771118164,26.948495864868164
30-04-2015,30.639999389648438,30.709999084472656,1228600,31.399999618530273,31.149999618530273,27.307924270629883
01-05-2015,31.2450008392334,31.389999389648438,594800,31.549999237060547,31.520000457763672,27.632286071777344
04-05-2015,31.450000762939453,31.549999237060547,610000,31.719999313354492,31.709999084472656,27.798852920532227
05-05-2015,31.739999771118164,31.899999618530273,1271600,32.25,31.940000534057617,28.000484466552734
06-05-2015,31.780000686645508,32.16999816894531,943300,32.22999954223633,32.09000015258789,28.131982803344727
07-05-2015,31.809999465942383,32.060001373291016,1095500,32.65999984741211,32.650001525878906,28.62291717529297
08-05-2015,32.63999938964844,32.72999954223633,935900,33.209999084472656,33.20000076293945,29.105072021484375
11-05-2015,32.78499984741211,33.16999816894531,549200,33.310001373291016,32.88999938964844,28.833311080932617
12-05-2015,32.040000915527344,32.34000015258789,2022500,33.34000015258789,33.119998931884766,29.034942626953125
13-05-2015,32.7400016784668,33.119998931884766,1075800,33.41999816894531,32.900001525878906,28.842082977294922
14-05-2015,32.369998931884766,32.97999954223633,1449000,33.130001068115234,32.77000045776367,28.72810935974121
15-05-2015,31.764999389648438,32.86000061035156,1300100,32.904998779296875,31.809999465942383,27.886512756347656
18-05-2015,31.5,31.81999969482422,796500,31.8700008392334,31.84000015258789,27.912818908691406
19-05-2015,31.799999237060547,31.84000015258789,743100,32.060001373291016,32.060001373291016,28.105684280395508
20-05-2015,31.986000061035156,32.189998626708984,634500,32.7599983215332,32.650001525878906,28.62291717529297
21-05-2015,32.38999938964844,32.59000015258789,430400,32.779998779296875,32.470001220703125,28.46510887145996
22-05-2015,32.16999816894531,32.40999984741211,360600,32.70000076293945,32.5,28.491411209106445
26-05-2015,31.8700008392334,32.459999084472656,565500,32.5,32.119998931884766,28.15828514099121
27-05-2015,32.099998474121094,32.130001068115234,346100,32.599998474121094,32.459999084472656,28.456350326538086
28-05-2015,32.25,32.33000183105469,355800,32.65999984741211,32.529998779296875,28.517711639404297
29-05-2015,32.125,32.560001373291016,850000,32.59000015258789,32.290000915527344,28.307313919067383
01-06-2015,31.899999618530273,32.36000061035156,483000,32.619998931884766,32.40999984741211,28.41250991821289
02-06-2015,32.2599983215332,32.279998779296875,466700,32.77000045776367,32.650001525878906,28.62291717529297
03-06-2015,32.5099983215332,32.689998626708984,1834900,33.619998931884766,33.18000030517578,29.08754539489746
04-06-2015,32.67499923706055,33.040000915527344,793000,33.11000061035156,32.75,28.710573196411133
05-06-2015,32.5099983215332,32.849998474121094,319000,32.88999938964844,32.79999923706055,28.754405975341797
08-06-2015,32.584999084472656,32.790000915527344,482200,32.79999923706055,32.650001525878906,28.62291717529297
09-06-2015,32.5,32.619998931884766,699900,32.91999816894531,32.86000061035156,28.8070125579834
10-06-2015,32.81999969482422,32.970001220703125,731200,33.34000015258789,33.29999923706055,29.192737579345703
11-06-2015,33.15999984741211,33.290000915527344,1152200,33.880001068115234,33.220001220703125,29.122610092163086
12-06-2015,32.86000061035156,33.16999816894531,489000,33.400001525878906,33.119998931884766,29.034942626953125
15-06-2015,32.529998779296875,32.91999816894531,1670500,33.13999938964844,32.970001220703125,28.903444290161133
16-06-2015,32.44499969482422,33.0,632000,33.15999984741211,32.5,28.491411209106445
17-06-2015,32.439998626708984,32.599998474121094,497600,32.9900016784668,32.75,28.710573196411133
18-06-2015,32.689998626708984,32.79999923706055,590500,33.13999938964844,32.81999969482422,28.771940231323242
19-06-2015,32.689998626708984,32.90999984741211,492100,32.970001220703125,32.91999816894531,28.859607696533203
22-06-2015,32.77000045776367,33.029998779296875,459000,33.25,32.90999984741211,28.85083770751953
23-06-2015,32.90999984741211,32.9900016784668,664600,33.279998779296875,32.9900016784668,28.920974731445312
24-06-2015,32.709999084472656,32.9900016784668,521700,33.20500183105469,32.7599983215332,28.71933937072754
25-06-2015,32.43000030517578,32.86000061035156,705700,32.86000061035156,32.810001373291016,28.76317596435547
26-06-2015,32.5,32.880001068115234,2129400,33.15999984741211,32.70000076293945,28.666744232177734
29-06-2015,32.16999816894531,32.41999816894531,738700,32.560001373291016,32.22999954223633,28.254711151123047
30-06-2015,32.374000549316406,32.560001373291016,905600,33.04499816894531,32.93000030517578,28.868379592895508
01-07-2015,32.83000183105469,33.099998474121094,570100,33.33000183105469,33.31999969482422,29.210277557373047
02-07-2015,32.95000076293945,33.369998931884766,490000,33.380001068115234,33.13999938964844,29.052478790283203
06-07-2015,32.31999969482422,32.90999984741211,1133400,32.90999984741211,32.5,28.491411209106445
07-07-2015,32.16999816894531,32.61000061035156,1575200,32.790000915527344,32.5,28.491411209106445
08-07-2015,31.94499969482422,32.439998626708984,621500,32.459999084472656,32.0099983215332,28.061845779418945
09-07-2015,32.380001068115234,32.560001373291016,811700,32.970001220703125,32.599998474121094,28.57907485961914
10-07-2015,32.720001220703125,32.900001525878906,727200,33.380001068115234,33.06999969482422,28.991113662719727
13-07-2015,32.939998626708984,33.33000183105469,1054600,33.5,33.349998474121094,29.236574172973633
14-07-2015,33.25,33.380001068115234,999800,33.93000030517578,33.77000045776367,29.604761123657227
15-07-2015,33.630001068115234,33.900001525878906,831000,34.3650016784668,34.13999938964844,29.92913055419922
16-07-2015,34.06999969482422,34.2599983215332,636200,34.459999084472656,34.130001068115234,29.92036247253418
17-07-2015,34.189998626708984,34.5,1234000,35.72999954223633,35.08000183105469,30.75318717956543
20-07-2015,35.29999923706055,35.29999923706055,1192800,36.209999084472656,35.9900016784668,31.550949096679688
21-07-2015,35.566001892089844,36.02000045776367,822100,36.400001525878906,35.61000061035156,31.21782684326172
22-07-2015,35.06999969482422,35.58000183105469,784600,35.880001068115234,35.68000030517578,31.279190063476562
23-07-2015,35.43000030517578,35.84000015258789,507300,36.06999969482422,35.630001068115234,31.235353469848633
24-07-2015,34.630001068115234,35.529998779296875,831300,35.66999816894531,34.68000030517578,30.40253448486328
27-07-2015,34.27000045776367,34.619998931884766,487500,34.900001525878906,34.619998931884766,30.349925994873047
28-07-2015,33.97999954223633,34.75,1762100,34.88999938964844,34.22999954223633,30.008039474487305
29-07-2015,34.19599914550781,34.27000045776367,1141700,34.709999084472656,34.47999954223633,30.22719383239746
30-07-2015,34.20000076293945,34.58000183105469,989100,34.810001373291016,34.599998474121094,30.332399368286133
31-07-2015,34.349998474121094,34.61000061035156,941800,34.7599983215332,34.36000061035156,30.121994018554688
03-08-2015,34.15999984741211,34.43000030517578,569100,34.540000915527344,34.36000061035156,30.121994018554688
04-08-2015,34.29999923706055,34.369998931884766,1227500,34.79999923706055,34.40999984741211,30.165834426879883
05-08-2015,34.25,34.599998474121094,919700,34.779998779296875,34.560001373291016,30.297330856323242
06-08-2015,34.029998779296875,34.779998779296875,631600,34.81999969482422,34.130001068115234,29.92036247253418
07-08-2015,33.435001373291016,34.060001373291016,646500,34.209999084472656,33.97999954223633,29.788867950439453
10-08-2015,34.029998779296875,34.119998931884766,504500,34.63999938964844,34.619998931884766,30.349925994873047
11-08-2015,34.119998931884766,34.59000015258789,942900,34.68000030517578,34.66999816894531,30.393766403198242
12-08-2015,34.2599983215332,34.66999816894531,1265500,35.0,34.959999084472656,30.647987365722656
13-08-2015,34.720001220703125,34.959999084472656,796800,35.349998474121094,35.15999984741211,30.823322296142578
14-08-2015,34.790000915527344,35.5,529500,35.5,35.13999938964844,30.805795669555664
17-08-2015,34.5,34.86000061035156,505700,35.349998474121094,35.31999969482422,30.96358871459961
18-08-2015,34.97999954223633,35.27000045776367,567200,35.459999084472656,35.13999938964844,30.805795669555664
19-08-2015,34.43000030517578,34.880001068115234,669100,35.27000045776367,34.959999084472656,30.647987365722656
20-08-2015,34.15999984741211,34.619998931884766,1342300,34.685001373291016,34.36000061035156,30.121994018554688
21-08-2015,33.60499954223633,33.900001525878906,2185400,34.18000030517578,33.720001220703125,29.560941696166992
24-08-2015,30.270000457763672,32.220001220703125,3017000,33.65999984741211,33.150001525878906,29.061246871948242
25-08-2015,32.61000061035156,33.72999954223633,2338100,33.970001220703125,32.9900016784668,28.920974731445312
26-08-2015,32.22999954223633,33.45000076293945,2290500,33.45000076293945,32.66999816894531,28.640445709228516
27-08-2015,31.81999969482422,32.9900016784668,2728200,32.9900016784668,32.33000183105469,28.342376708984375
28-08-2015,31.920000076293945,32.11000061035156,1804000,32.77000045776367,32.650001525878906,28.62291717529297
31-08-2015,32.470001220703125,32.7599983215332,1573200,33.2599983215332,32.95000076293945,28.885908126831055
01-09-2015,31.59000015258789,32.540000915527344,2032900,32.70000076293945,31.709999084472656,27.798852920532227
02-09-2015,31.329999923706055,31.889999389648438,1138200,32.25199890136719,31.790000915527344,27.868986129760742
03-09-2015,31.847999572753906,32.09000015258789,920300,32.3489990234375,32.189998626708984,28.219648361206055
04-09-2015,31.34000015258789,31.729999542236328,1590400,32.099998474121094,31.600000381469727,27.70241928100586
08-09-2015,31.81999969482422,32.0099983215332,1969600,32.380001068115234,32.279998779296875,28.29854965209961
09-09-2015,32.029998779296875,32.59000015258789,4099900,32.83000183105469,32.130001068115234,28.167049407958984
10-09-2015,31.3700008392334,31.68000030517578,2324200,32.2400016784668,32.09000015258789,28.131982803344727
11-09-2015,30.899999618530273,31.979999542236328,2728300,32.15999984741211,31.329999923706055,27.465723037719727
14-09-2015,30.81999969482422,31.25,3086700,31.6299991607666,31.170000076293945,27.32546043395996
15-09-2015,30.790000915527344,31.09000015258789,2380400,31.280000686645508,31.1200008392334,27.281620025634766
16-09-2015,30.329999923706055,30.770000457763672,2265400,31.084999084472656,30.8799991607666,27.07122230529785
17-09-2015,30.670000076293945,30.809999465942383,1058900,31.329999923706055,30.770000457763672,26.97479820251465
18-09-2015,30.1200008392334,30.510000228881836,2047500,30.700000762939453,30.559999465942383,26.79068946838379
21-09-2015,30.25,30.559999465942383,1573300,31.0,30.8700008392334,27.06245994567871
22-09-2015,30.200000762939453,30.719999313354492,1376900,30.81999969482422,30.579999923706055,26.808225631713867
23-09-2015,30.489999771118164,30.65999984741211,996300,31.079999923706055,31.059999465942383,27.22902488708496
24-09-2015,30.540000915527344,30.700000762939453,1002700,31.110000610351562,30.829999923706055,27.027393341064453
25-09-2015,30.860000610351562,31.059999465942383,552800,31.200000762939453,31.030000686645508,27.20271873474121
28-09-2015,30.420000076293945,31.0,1128800,31.34000015258789,31.15999984741211,27.316692352294922
29-09-2015,30.790000915527344,31.06999969482422,890900,31.299999237060547,31.040000915527344,27.21149253845215
30-09-2015,30.93000030517578,31.3700008392334,2180200,31.729999542236328,31.299999237060547,27.43941879272461
01-10-2015,31.1200008392334,31.309999465942383,858800,31.579999923706055,31.3799991607666,27.50955581665039
02-10-2015,30.969999313354492,31.229999542236328,1125400,31.920000076293945,31.81999969482422,27.895286560058594
05-10-2015,31.729999542236328,31.8799991607666,1210200,33.349998474121094,33.310001373291016,29.201505661010742
06-10-2015,32.529998779296875,33.869998931884766,1247700,33.869998931884766,32.79999923706055,28.754405975341797
07-10-2015,31.790000915527344,33.0,1733800,33.099998474121094,32.130001068115234,28.167049407958984
08-10-2015,31.780000686645508,32.119998931884766,763600,32.59000015258789,32.36000061035156,28.368677139282227
09-10-2015,32.29999923706055,32.310001373291016,339200,33.0,32.38999938964844,28.39497947692871
12-10-2015,32.119998931884766,32.27000045776367,376000,32.689998626708984,32.34000015258789,28.35114860534668
13-10-2015,31.81999969482422,32.189998626708984,1163500,32.3650016784668,31.81999969482422,27.895286560058594
14-10-2015,31.450000762939453,31.760000228881836,1311900,31.81999969482422,31.530000686645508,27.641054153442383
15-10-2015,30.510000228881836,31.190000534057617,9633600,32.130001068115234,31.31999969482422,27.456953048706055
16-10-2015,29.75,31.3700008392334,11814800,31.3700008392334,30.149999618530273,26.43126106262207
19-10-2015,28.90999984741211,30.049999237060547,18520900,31.46500015258789,31.34000015258789,27.474489212036133
20-10-2015,31.34000015258789,31.760000228881836,11089000,32.900001525878906,32.34000015258789,28.35114860534668
21-10-2015,32.02000045776367,32.400001525878906,7452600,32.900001525878906,32.459999084472656,28.456350326538086
22-10-2015,31.290000915527344,32.70000076293945,6705900,32.8120002746582,31.829999923706055,27.904052734375
23-10-2015,31.4950008392334,32.029998779296875,7348400,32.5,31.690000534057617,27.781322479248047
26-10-2015,30.84000015258789,31.829999923706055,7209500,31.8700008392334,31.399999618530273,27.527088165283203
27-10-2015,31.040000915527344,31.229999542236328,7722400,31.760000228881836,31.729999542236328,27.816383361816406
28-10-2015,31.149999618530273,31.719999313354492,7079900,31.90999984741211,31.450000762939453,27.5709228515625
29-10-2015,30.674999237060547,31.18000030517578,7730800,31.399999618530273,30.920000076293945,27.106292724609375
30-10-2015,30.65999984741211,30.940000534057617,8618300,31.0,30.760000228881836,26.966028213500977
02-11-2015,30.559999465942383,30.559999465942383,5771600,31.40999984741211,31.329999923706055,27.465723037719727
03-11-2015,31.100000381469727,31.100000381469727,16475700,32.58000183105469,32.439998626708984,28.438812255859375
04-11-2015,31.809999465942383,32.2400016784668,12612400,33.16999816894531,32.08000183105469,28.123214721679688
05-11-2015,31.639999389648438,32.0,10719300,32.71099853515625,32.61000061035156,28.587844848632812
06-11-2015,32.810001373291016,32.9900016784668,15380600,34.599998474121094,33.97999954223633,29.788867950439453
09-11-2015,32.150001525878906,33.91999816894531,18958300,34.189998626708984,32.52000045776367,28.508943557739258
10-11-2015,30.93000030517578,31.799999237060547,38506400,31.979999542236328,31.079999923706055,27.24655532836914
11-11-2015,30.649999618530273,31.110000610351562,42150400,31.229999542236328,30.93000030517578,27.11505699157715
12-11-2015,30.649999618530273,30.850000381469727,41436500,31.739999771118164,30.790000915527344,26.99232292175293
13-11-2015,30.440000534057617,30.75,31691300,31.489999771118164,30.520000457763672,26.75562858581543
16-11-2015,29.920000076293945,30.229999542236328,25446400,30.389999389648438,30.290000915527344,26.55399513244629
17-11-2015,30.299999237060547,30.389999389648438,128981900,31.360000610351562,30.579999923706055,26.808225631713867
18-11-2015,30.700000762939453,30.90999984741211,28032000,31.75,31.59000015258789,27.693647384643555
19-11-2015,31.020000457763672,31.610000610351562,29435000,32.029998779296875,31.649999618530273,27.746252059936523
20-11-2015,31.149999618530273,31.889999389648438,19894000,31.889999389648438,31.350000381469727,27.483251571655273
23-11-2015,31.329999923706055,31.8799991607666,26616000,32.25,31.549999237060547,27.658584594726562
24-11-2015,31.190000534057617,31.209999084472656,47529200,31.950000762939453,31.34000015258789,27.474489212036133
25-11-2015,31.25,31.459999084472656,15495500,31.8700008392334,31.530000686645508,27.641054153442383
27-11-2015,31.299999237060547,31.700000762939453,8373700,31.84000015258789,31.350000381469727,27.483251571655273
30-11-2015,31.43000030517578,31.56999969482422,20246500,31.940000534057617,31.829999923706055,27.904052734375
01-12-2015,31.860000610351562,32.119998931884766,11681600,32.439998626708984,32.40999984741211,28.41250991821289
02-12-2015,31.75,32.599998474121094,8992400,32.599998474121094,31.84000015258789,27.912818908691406
03-12-2015,30.889999389648438,31.889999389648438,20610900,32.04999923706055,31.09000015258789,27.25532341003418
04-12-2015,31.110000610351562,31.239999771118164,15782100,32.029998779296875,32.029998779296875,28.07938003540039
07-12-2015,31.1200008392334,31.950000762939453,11885500,32.099998474121094,31.350000381469727,27.483251571655273
08-12-2015,30.764999389648438,31.18000030517578,15178000,31.405000686645508,31.360000610351562,27.492021560668945
09-12-2015,30.360000610351562,31.34000015258789,16063100,31.584999084472656,30.610000610351562,26.83452606201172
10-12-2015,30.65999984741211,30.719999313354492,9437100,31.309999465942383,31.049999237060547,27.220256805419922
11-12-2015,29.815000534057617,30.670000076293945,10431600,30.780000686645508,29.969999313354492,26.273466110229492
14-12-2015,29.31999969482422,30.139999389648438,15773500,30.354999542236328,29.68000030517578,26.019235610961914
15-12-2015,29.719999313354492,30.0,9655600,30.2450008392334,30.079999923706055,26.369897842407227
16-12-2015,29.940000534057617,30.399999618530273,8651500,30.68000030517578,30.530000686645508,26.764394760131836
17-12-2015,30.0,30.639999389648438,8002800,30.75,30.010000228881836,26.30852699279785
18-12-2015,29.350000381469727,29.8799991607666,15187400,30.0,29.510000228881836,25.870201110839844
21-12-2015,29.549999237060547,29.65999984741211,5809900,30.059999465942383,29.729999542236328,26.063064575195312
22-12-2015,29.760000228881836,29.989999771118164,6522400,30.34000015258789,30.209999084472656,26.48386001586914
23-12-2015,29.940000534057617,30.399999618530273,4824400,30.559999465942383,30.510000228881836,26.746862411499023
24-12-2015,30.309999465942383,30.479999542236328,1499000,30.722999572753906,30.600000381469727,26.825761795043945
28-12-2015,30.100000381469727,30.420000076293945,3811600,30.489999771118164,30.170000076293945,26.448801040649414
29-12-2015,30.334999084472656,30.459999084472656,3436900,30.709999084472656,30.690000534057617,26.904661178588867
30-12-2015,30.43000030517578,30.68000030517578,2640800,30.700000762939453,30.43000030517578,26.67672348022461
31-12-2015,30.100000381469727,30.209999084472656,3804900,30.6299991607666,30.40999984741211,26.659194946289062
04-01-2016,29.3799991607666,29.979999542236328,8771100,30.010000228881836,29.940000534057617,26.247167587280273
05-01-2016,29.450000762939453,29.850000381469727,7438000,30.280000686645508,30.110000610351562,26.39620018005371
06-01-2016,29.479999542236328,29.829999923706055,9158200,30.030000686645508,29.899999618530273,26.212100982666016
07-01-2016,29.0,29.469999313354492,11194100,29.829999923706055,29.1200008392334,25.528305053710938
08-01-2016,28.780000686645508,29.360000610351562,10400000,29.524999618530273,28.84000015258789,25.282838821411133
11-01-2016,28.299999237060547,29.0,11826100,29.030000686645508,28.700000762939453,25.160110473632812
12-01-2016,28.5,29.059999465942383,8363300,29.190000534057617,28.899999618530273,25.335437774658203
13-01-2016,27.520000457763672,29.81999969482422,15222300,29.8799991607666,27.56999969482422,24.169485092163086
14-01-2016,26.280000686645508,27.600000381469727,20004800,28.280000686645508,28.18000030517578,24.704248428344727
15-01-2016,26.989999771118164,27.440000534057617,14396200,27.719999313354492,27.639999389648438,24.230852127075195
19-01-2016,27.559999465942383,27.799999237060547,9772000,28.155000686645508,28.030000686645508,24.572751998901367
20-01-2016,26.81999969482422,27.34000015258789,9686700,27.90999984741211,27.6200008392334,24.21331787109375
21-01-2016,27.299999237060547,27.6200008392334,9065900,28.25,27.729999542236328,24.30974769592285
22-01-2016,28.75,29.299999237060547,16868400,29.440000534057617,29.059999465942383,25.475706100463867
25-01-2016,28.389999389648438,29.079999923706055,9094400,29.25,28.479999542236328,24.967243194580078
26-01-2016,28.31999969482422,28.510000228881836,7516300,28.920000076293945,28.65999984741211,25.12504005432129
27-01-2016,28.280000686645508,28.549999237060547,8640000,29.020000457763672,28.440000534057617,24.932174682617188
28-01-2016,27.59000015258789,28.5,12522100,28.850000381469727,27.989999771118164,24.537677764892578
29-01-2016,27.290000915527344,28.1299991607666,15306500,28.43000030517578,28.420000076293945,24.914642333984375
01-02-2016,27.93000030517578,28.43000030517578,6804500,28.600000381469727,28.469999313354492,24.958480834960938
02-02-2016,26.969999313354492,28.229999542236328,15173400,28.290000915527344,27.010000228881836,23.678560256958008
03-02-2016,25.34000015258789,27.040000915527344,24158300,27.290000915527344,26.34000015258789,23.0911922454834
04-02-2016,26.0,26.260000228881836,16964900,26.559999465942383,26.309999465942383,23.064895629882812
05-02-2016,25.0,26.34000015258789,15336200,26.540000915527344,25.229999542236328,22.11810302734375
08-02-2016,24.094999313354492,24.979999542236328,16427000,25.09000015258789,24.479999542236328,21.460609436035156
09-02-2016,24.079999923706055,24.280000686645508,13511600,25.31999969482422,25.079999923706055,21.986600875854492
10-02-2016,24.959999084472656,25.190000534057617,7275500,25.850000381469727,25.010000228881836,21.925235748291016
11-02-2016,23.739999771118164,24.290000915527344,12026000,24.850000381469727,24.5,21.478145599365234
12-02-2016,24.799999237060547,24.899999618530273,6712000,25.3799991607666,25.3700008392334,22.240833282470703
16-02-2016,25.469999313354492,25.75,9707100,26.209999084472656,26.139999389648438,22.915861129760742
17-02-2016,26.149999618530273,26.389999389648438,10161400,26.90999984741211,26.270000457763672,23.029827117919922
18-02-2016,26.045000076293945,26.229999542236328,8378400,26.729999542236328,26.6200008392334,23.33665657043457
19-02-2016,26.270000457763672,26.5,7630600,26.959999084472656,26.770000457763672,23.468156814575195
22-02-2016,26.770000457763672,26.770000457763672,10824900,28.0,27.709999084472656,24.29221534729004
23-02-2016,27.049999237060547,27.709999084472656,11508900,27.770000457763672,27.510000228881836,24.11688232421875
24-02-2016,26.68000030517578,27.170000076293945,8471500,27.770000457763672,27.729999542236328,24.30974769592285
25-02-2016,27.405000686645508,27.700000762939453,6595900,27.889999389648438,27.780000686645508,24.353580474853516
26-02-2016,27.350000381469727,27.959999084472656,8585900,28.235000610351562,27.93000030517578,24.48508644104004
29-02-2016,26.899999618530273,27.850000381469727,10730000,27.93199920654297,26.950000762939453,23.62595558166504
01-03-2016,26.780000686645508,27.25,11207200,27.530000686645508,27.530000686645508,24.13442039489746
02-03-2016,27.600000381469727,27.700000762939453,10265600,28.3700008392334,28.25,24.765615463256836
03-03-2016,28.024999618530273,28.260000228881836,8990300,28.670000076293945,28.559999465942383,25.037372589111328
04-03-2016,28.3700008392334,28.739999771118164,6100900,28.989999771118164,28.600000381469727,25.072444915771484
07-03-2016,27.909000396728516,28.440000534057617,6311600,28.565000534057617,28.520000457763672,25.00231170654297
08-03-2016,27.639999389648438,28.290000915527344,6172900,28.43000030517578,27.700000762939453,24.283449172973633
09-03-2016,27.540000915527344,27.84000015258789,6986500,28.059999465942383,27.68000030517578,24.26591682434082
10-03-2016,27.299999237060547,27.799999237060547,6062300,28.219999313354492,27.809999465942383,24.379884719848633
11-03-2016,28.05500030517578,28.139999389648438,8137100,28.850000381469727,28.81999969482422,25.265310287475586
14-03-2016,28.225000381469727,28.6299991607666,3516300,28.75,28.450000762939453,24.940948486328125
15-03-2016,27.56999969482422,28.15999984741211,7092500,28.225000381469727,27.68000030517578,24.26591682434082
16-03-2016,27.40999984741211,27.649999618530273,9234000,27.825000762939453,27.6200008392334,24.21331787109375
17-03-2016,27.209999084472656,27.6200008392334,8940500,28.25,28.100000381469727,24.634113311767578
18-03-2016,28.149999618530273,28.270000457763672,10736400,28.639999389648438,28.459999084472656,24.949710845947266
21-03-2016,28.329999923706055,28.399999618530273,6588800,28.899999618530273,28.790000915527344,25.239013671875
22-03-2016,28.25,28.489999771118164,5258700,28.639999389648438,28.610000610351562,25.081212997436523
23-03-2016,28.2549991607666,28.579999923706055,4987700,28.75,28.420000076293945,24.914642333984375
24-03-2016,28.066999435424805,28.200000762939453,4163800,28.549999237060547,28.450000762939453,24.940948486328125
28-03-2016,28.209999084472656,28.510000228881836,3162900,28.5310001373291,28.3799991607666,24.87957763671875
29-03-2016,27.899999618530273,28.260000228881836,5991200,28.43000030517578,28.399999618530273,24.89711570739746
30-03-2016,28.25,28.540000915527344,4875900,28.7450008392334,28.3799991607666,24.87957763671875
31-03-2016,28.079999923706055,28.3799991607666,5304900,28.760000228881836,28.65999984741211,25.12504005432129
01-04-2016,28.510000228881836,28.6200008392334,8118500,29.5,29.329999923706055,25.71240234375
04-04-2016,28.860000610351562,29.239999771118164,3868200,29.360000610351562,28.969999313354492,25.396804809570312
05-04-2016,28.399999618530273,28.610000610351562,5062000,28.790000915527344,28.610000610351562,25.081212997436523
06-04-2016,28.1200008392334,28.489999771118164,4227800,28.700000762939453,28.649999618530273,25.11627769470215
07-04-2016,27.799999237060547,28.420000076293945,6413400,28.510000228881836,27.969999313354492,24.520145416259766
08-04-2016,27.760000228881836,27.899999618530273,6296500,28.420000076293945,28.020000457763672,24.563983917236328
11-04-2016,27.860000610351562,28.059999465942383,5655800,28.40999984741211,27.8700008392334,24.43248748779297
12-04-2016,27.850000381469727,27.969999313354492,6152800,28.260000228881836,28.15999984741211,24.68671226501465
13-04-2016,28.290000915527344,28.3799991607666,7194700,28.940000534057617,28.920000076293945,25.352975845336914
14-04-2016,28.799999237060547,28.799999237060547,4535400,29.260000228881836,29.079999923706055,25.49323844909668
15-04-2016,28.780000686645508,29.290000915527344,3216300,29.399999618530273,28.940000534057617,25.370508193969727
18-04-2016,28.760000228881836,28.809999465942383,2620100,29.18000030517578,29.1299991607666,25.537073135375977
19-04-2016,29.170000076293945,29.200000762939453,7751600,29.8700008392334,29.81999969482422,26.141971588134766
20-04-2016,29.940000534057617,29.940000534057617,11727100,30.760000228881836,30.670000076293945,26.887126922607422
21-04-2016,30.280000686645508,30.579999923706055,6627600,30.739999771118164,30.420000076293945,26.66796112060547
22-04-2016,30.030000686645508,30.030000686645508,9138500,31.190000534057617,30.5,26.738088607788086
25-04-2016,30.190000534057617,30.469999313354492,5870200,30.889999389648438,30.440000534057617,26.68549346923828
26-04-2016,30.450000762939453,30.59000015258789,7473100,31.200000762939453,31.15999984741211,27.316692352294922
27-04-2016,30.56999969482422,31.139999389648438,7985000,31.139999389648438,30.8799991607666,27.07122230529785
28-04-2016,30.5,30.6200008392334,5919300,31.229999542236328,30.969999313354492,27.150121688842773
29-04-2016,30.28499984741211,30.780000686645508,4897800,31.0,30.56999969482422,26.799457550048828
02-05-2016,30.690000534057617,30.780000686645508,6897400,31.450000762939453,31.329999923706055,27.465723037719727
03-05-2016,30.6299991607666,30.989999771118164,5487300,31.18000030517578,31.079999923706055,27.24655532836914
04-05-2016,30.1299991607666,30.760000228881836,6945600,30.860000610351562,30.239999771118164,26.510169982910156
05-05-2016,29.790000915527344,30.280000686645508,5835800,30.43000030517578,29.829999923706055,26.150733947753906
06-05-2016,29.5,29.65999984741211,6064900,30.114999771118164,30.079999923706055,26.369897842407227
09-05-2016,29.8799991607666,30.1299991607666,2890900,30.334999084472656,29.959999084472656,26.26469612121582
10-05-2016,30.040000915527344,30.06999969482422,3721300,30.700000762939453,30.559999465942383,26.79068946838379
11-05-2016,29.899999618530273,30.360000610351562,7770200,30.459999084472656,29.93000030517578,26.238399505615234
12-05-2016,29.31999969482422,30.209999084472656,9348800,30.229999542236328,29.420000076293945,25.791301727294922
13-05-2016,28.950000762939453,29.290000915527344,6895200,29.649999618530273,29.040000915527344,25.458171844482422
16-05-2016,28.90999984741211,29.040000915527344,7667200,29.31999969482422,28.940000534057617,25.370508193969727
17-05-2016,28.729999542236328,28.790000915527344,6261900,29.698999404907227,29.270000457763672,25.65980339050293
18-05-2016,29.209999084472656,29.270000457763672,7386000,30.125,30.110000610351562,26.39620018005371
19-05-2016,29.579999923706055,29.860000610351562,6118500,30.25,29.940000534057617,26.247167587280273
20-05-2016,29.739999771118164,30.040000915527344,4904800,30.3700008392334,29.8799991607666,26.194570541381836
23-05-2016,29.469999313354492,29.780000686645508,3360400,30.030000686645508,29.829999923706055,26.150733947753906
24-05-2016,29.969999313354492,30.0,4699200,30.440000534057617,30.299999237060547,26.562763214111328
25-05-2016,30.399999618530273,30.43000030517578,6028900,30.975000381469727,30.65999984741211,26.878358840942383
26-05-2016,30.399999618530273,30.639999389648438,5692700,30.979999542236328,30.889999389648438,27.079992294311523
27-05-2016,30.766000747680664,31.0,5267800,31.239999771118164,31.15999984741211,27.316692352294922
31-05-2016,31.020000457763672,31.3799991607666,5877600,31.3799991607666,31.200000762939453,27.35175895690918
01-06-2016,30.760000228881836,31.149999618530273,3105600,31.329999923706055,31.290000915527344,27.4306583404541
02-06-2016,30.885000228881836,31.25,6289500,31.290000915527344,31.280000686645508,27.42188835144043
03-06-2016,30.25,30.920000076293945,5753400,31.190000534057617,30.719999313354492,26.930959701538086
06-06-2016,30.700000762939453,30.729999542236328,6480600,31.09000015258789,31.030000686645508,27.20271873474121
07-06-2016,30.729999542236328,31.110000610351562,10576600,31.84000015258789,31.610000610351562,27.71118927001953
08-06-2016,31.59000015258789,31.59000015258789,7481400,31.969999313354492,31.950000762939453,28.00924301147461
09-06-2016,31.200000762939453,31.719999313354492,5764600,31.719999313354492,31.40999984741211,27.53585433959961
10-06-2016,30.6299991607666,31.09000015258789,5913200,31.149999618530273,30.799999237060547,27.001094818115234
13-06-2016,30.399999618530273,30.65999984741211,5938200,30.889999389648438,30.440000534057617,26.68549346923828
14-06-2016,25.450000762939453,29.260000228881836,66008700,29.260000228881836,26.450000762939453,23.1876277923584
15-06-2016,25.93000030517578,26.489999771118164,26797600,27.170000076293945,26.5,23.231460571289062
16-06-2016,25.600000381469727,26.239999771118164,21833200,26.280000686645508,26.0,22.793128967285156
17-06-2016,25.579999923706055,25.969999313354492,18246400,26.010000228881836,25.770000457763672,22.59149742126465
20-06-2016,25.31999969482422,26.020000457763672,18357500,26.030000686645508,25.549999237060547,22.39863395690918
21-06-2016,25.5,25.68000030517578,12099400,26.25,25.850000381469727,22.661630630493164
22-06-2016,25.46500015258789,25.809999465942383,14686600,26.229999542236328,25.5,22.354799270629883
23-06-2016,25.5,25.780000686645508,10441200,26.040000915527344,26.0,22.793128967285156
24-06-2016,24.549999237060547,24.950000762939453,16053500,25.469999313354492,24.639999389648438,21.60087013244629
27-06-2016,23.25,24.299999237060547,14954600,24.31999969482422,23.360000610351562,20.478750228881836
28-06-2016,23.600000381469727,23.709999084472656,12055200,24.049999237060547,23.93000030517578,20.97844696044922
29-06-2016,24.06999969482422,24.170000076293945,8153600,24.84000015258789,24.829999923706055,21.767438888549805
30-06-2016,24.450000762939453,24.979999542236328,10654600,25.280000686645508,25.280000686645508,22.161935806274414
01-07-2016,25.09000015258789,25.239999771118164,6368800,25.469999313354492,25.350000381469727,22.223304748535156
05-07-2016,25.010000228881836,25.3799991607666,7663900,25.395000457763672,25.1200008392334,22.021671295166016
06-07-2016,24.829999923706055,24.850000381469727,6206600,25.459999084472656,25.309999465942383,22.188236236572266
07-07-2016,25.309999465942383,25.350000381469727,14372000,26.079999923706055,26.020000457763672,22.8106632232666
08-07-2016,27.0,27.290000915527344,12653100,27.479999542236328,27.309999465942383,23.941553115844727
11-07-2016,27.354999542236328,27.5,6781600,27.780000686645508,27.670000076293945,24.257152557373047
12-07-2016,27.825000762939453,28.0,7635200,28.149999618530273,27.920000076293945,24.476314544677734
13-07-2016,27.6299991607666,27.950000762939453,5206400,28.18000030517578,28.1200008392334,24.651647567749023
14-07-2016,28.09000015258789,28.59000015258789,5896100,28.65999984741211,28.299999237060547,24.809446334838867
15-07-2016,27.829999923706055,28.31999969482422,7254200,28.31999969482422,28.1200008392334,24.651647567749023
18-07-2016,28.079999923706055,28.5,5102600,28.700000762939453,28.290000915527344,24.800683975219727
19-07-2016,28.100000381469727,28.25,5232100,28.415000915527344,28.25,24.765615463256836
20-07-2016,28.0,28.489999771118164,8941800,28.579999923706055,28.139999389648438,24.669179916381836
21-07-2016,27.56999969482422,28.059999465942383,7627400,28.469999313354492,28.260000228881836,24.77437973022461
22-07-2016,27.950000762939453,28.610000610351562,11844000,28.889999389648438,28.399999618530273,24.89711570739746
25-07-2016,27.959999084472656,28.309999465942383,7300000,28.389999389648438,28.09000015258789,24.625350952148438
26-07-2016,28.0,28.1299991607666,7762300,28.5,28.110000610351562,24.642887115478516
27-07-2016,27.864999771118164,27.979999542236328,5206500,28.229999542236328,28.139999389648438,24.669179916381836
28-07-2016,27.875,28.049999237060547,7416700,28.190000534057617,27.90999984741211,24.467552185058594
29-07-2016,27.75,27.8700008392334,8307500,28.09000015258789,27.8799991607666,24.441246032714844
01-08-2016,27.8799991607666,27.899999618530273,7053400,28.270000457763672,27.90999984741211,24.467552185058594
02-08-2016,27.31999969482422,27.8799991607666,8237400,28.059999465942383,27.350000381469727,23.976619720458984
03-08-2016,27.34000015258789,27.3799991607666,6342500,28.040000915527344,27.8700008392334,24.43248748779297
04-08-2016,27.75,27.899999618530273,4274600,28.079999923706055,27.920000076293945,24.476314544677734
05-08-2016,28.145000457763672,28.290000915527344,5337600,28.43000030517578,28.219999313354492,24.73931312561035
08-08-2016,27.985000610351562,28.329999923706055,3884200,28.440000534057617,28.040000915527344,24.581512451171875
09-08-2016,27.790000915527344,28.049999237060547,7132600,28.09000015258789,27.8799991607666,24.441246032714844
10-08-2016,27.459999084472656,27.809999465942383,6786400,27.90999984741211,27.649999618530273,24.353172302246094
11-08-2016,27.530000686645508,27.700000762939453,5082500,27.8700008392334,27.610000610351562,24.31793975830078
12-08-2016,27.280000686645508,27.450000762939453,6822900,27.8799991607666,27.68000030517578,24.37959861755371
15-08-2016,27.704999923706055,27.860000610351562,4782100,27.969999313354492,27.739999771118164,24.43244171142578
16-08-2016,27.299999237060547,27.639999389648438,5086400,27.780000686645508,27.299999237060547,24.04490089416504
17-08-2016,27.225000381469727,27.309999465942383,5611000,27.469999313354492,27.3799991607666,24.11536407470703
18-08-2016,27.15999984741211,27.389999389648438,5091300,27.399999618530273,27.290000915527344,24.036096572875977
19-08-2016,27.100000381469727,27.170000076293945,4949300,27.489999771118164,27.3799991607666,24.11536407470703
22-08-2016,27.1299991607666,27.3700008392334,3294400,27.3799991607666,27.270000457763672,24.01848030090332
23-08-2016,27.270000457763672,27.43000030517578,3644700,27.5,27.280000686645508,24.02728843688965
24-08-2016,27.06999969482422,27.329999923706055,4352000,27.489999771118164,27.1200008392334,23.886369705200195
25-08-2016,26.90999984741211,27.100000381469727,3224400,27.209999084472656,27.010000228881836,23.789485931396484
26-08-2016,26.600000381469727,27.100000381469727,7739100,27.149999618530273,26.860000610351562,23.657365798950195
29-08-2016,26.860000610351562,26.950000762939453,3761600,27.290000915527344,27.170000076293945,23.930402755737305
30-08-2016,27.05500030517578,27.25,3362700,27.3700008392334,27.299999237060547,24.04490089416504
31-08-2016,27.219999313354492,27.309999465942383,7819300,27.84000015258789,27.829999923706055,24.511709213256836
01-09-2016,27.395000457763672,27.829999923706055,5099200,28.010000228881836,27.760000228881836,24.450056076049805
02-09-2016,27.579999923706055,27.860000610351562,3544500,27.905000686645508,27.799999237060547,24.48529052734375
06-09-2016,27.545000076293945,27.770000457763672,4833400,27.829999923706055,27.610000610351562,24.31793975830078
07-09-2016,27.350000381469727,27.479999542236328,2803100,27.84000015258789,27.809999465942383,24.494094848632812
08-09-2016,27.280000686645508,27.600000381469727,9421800,27.690000534057617,27.34000015258789,24.08013153076172
09-09-2016,26.93000030517578,27.309999465942383,6698300,27.68000030517578,26.93000030517578,23.719022750854492
12-09-2016,26.68000030517578,26.780000686645508,6655000,27.489999771118164,27.40999984741211,24.14179039001465
13-09-2016,26.530000686645508,27.079999923706055,8611500,27.170000076293945,26.719999313354492,23.5340576171875
14-09-2016,26.549999237060547,26.719999313354492,6645300,26.979999542236328,26.829999923706055,23.630943298339844
15-09-2016,26.6200008392334,26.760000228881836,5053300,27.170000076293945,27.049999237060547,23.8247127532959
16-09-2016,26.670000076293945,26.850000381469727,13467200,26.969999313354492,26.90999984741211,23.701404571533203
19-09-2016,26.889999389648438,27.030000686645508,5030900,27.15999984741211,27.040000915527344,23.815906524658203
20-09-2016,26.790000915527344,27.209999084472656,3696300,27.209999084472656,26.799999237060547,23.604516983032227
21-09-2016,26.75,26.950000762939453,6989700,27.229999542236328,27.059999465942383,23.833520889282227
22-09-2016,26.950000762939453,27.15999984741211,6321900,27.559999465942383,27.479999542236328,24.203439712524414
23-09-2016,27.299999237060547,27.329999923706055,5886600,27.75,27.389999389648438,24.124168395996094
26-09-2016,27.0,27.149999618530273,7150600,27.614999771118164,27.299999237060547,24.04490089416504
27-09-2016,27.18000030517578,27.260000228881836,5904000,27.854999542236328,27.809999465942383,24.494094848632812
28-09-2016,27.584999084472656,27.809999465942383,4815400,27.950000762939453,27.81999969482422,24.502901077270508
29-09-2016,27.020000457763672,27.770000457763672,5794200,27.889999389648438,27.3700008392334,24.106557846069336
30-09-2016,27.489999771118164,27.6299991607666,7039800,28.114999771118164,28.0,24.66143798828125
03-10-2016,27.510000228881836,27.84000015258789,7193600,28.1299991607666,27.579999923706055,24.291519165039062
04-10-2016,27.290000915527344,27.700000762939453,9736500,27.920000076293945,27.329999923706055,24.071327209472656
05-10-2016,27.290000915527344,27.399999618530273,8118600,28.020000457763672,27.940000534057617,24.608592987060547
06-10-2016,26.934999465942383,27.850000381469727,11432300,27.90999984741211,26.989999771118164,23.771869659423828
07-10-2016,26.489999771118164,27.100000381469727,11058200,27.420000076293945,26.670000076293945,23.490022659301758
10-10-2016,26.450000762939453,26.93000030517578,14337400,26.989999771118164,26.729999542236328,23.542871475219727
11-10-2016,26.475000381469727,26.729999542236328,7960300,26.860000610351562,26.540000915527344,23.37552261352539
12-10-2016,26.420000076293945,26.489999771118164,5161800,26.6299991607666,26.510000228881836,23.34909439086914
13-10-2016,26.09000015258789,26.299999237060547,5588500,26.530000686645508,26.3700008392334,23.225791931152344
14-10-2016,26.524999618530273,26.639999389648438,6678400,26.940000534057617,26.700000762939453,23.51644515991211
17-10-2016,26.389999389648438,26.65999984741211,5834100,26.81999969482422,26.420000076293945,23.26983070373535
18-10-2016,26.549999237060547,26.739999771118164,6983700,26.809999465942383,26.639999389648438,23.463600158691406
19-10-2016,26.530000686645508,26.530000686645508,4252100,27.110000610351562,27.0,23.780675888061523
20-10-2016,26.940000534057617,27.049999237060547,10757400,27.3700008392334,27.1299991607666,23.895174026489258
21-10-2016,27.639999389648438,27.8700008392334,13331900,28.3799991607666,28.229999542236328,24.86402130126953
24-10-2016,28.40999984741211,28.40999984741211,9113400,29.020000457763672,28.790000915527344,25.357248306274414
25-10-2016,28.450000762939453,28.729999542236328,5785600,28.889999389648438,28.579999923706055,25.172285079956055
26-10-2016,28.295000076293945,28.389999389648438,5130800,28.864999771118164,28.700000762939453,25.277976989746094
27-10-2016,28.770000457763672,28.850000381469727,5431600,29.125,28.940000534057617,25.489360809326172
28-10-2016,28.760000228881836,29.030000686645508,7759600,29.325000762939453,29.100000381469727,25.63028335571289
31-10-2016,28.56999969482422,29.290000915527344,6857200,29.290000915527344,28.59000015258789,25.18109130859375
01-11-2016,28.34000015258789,28.770000457763672,7629200,29.020000457763672,28.559999465942383,25.1546688079834
02-11-2016,28.3799991607666,28.549999237060547,6112400,28.809999465942383,28.420000076293945,25.03135871887207
03-11-2016,28.079999923706055,28.479999542236328,4990500,28.479999542236328,28.1299991607666,24.889789581298828
04-11-2016,28.0,28.260000228881836,5915100,28.600000381469727,28.219999313354492,24.969425201416016
07-11-2016,28.6299991607666,28.81999969482422,6653400,29.114999771118164,29.110000610351562,25.75690460205078
08-11-2016,28.399999618530273,28.889999389648438,5314700,29.0,28.700000762939453,25.39413833618164
09-11-2016,28.84000015258789,28.950000762939453,11493400,30.299999237060547,30.219999313354492,26.73904800415039
10-11-2016,30.510000228881836,30.559999465942383,11400100,31.739999771118164,31.610000610351562,27.96894073486328
11-11-2016,31.399999618530273,31.450000762939453,16845100,32.61000061035156,32.47999954223633,28.738727569580078
14-11-2016,32.75,32.77000045776367,12338700,33.810001373291016,33.720001220703125,29.83590316772461
15-11-2016,32.63999938964844,33.630001068115234,10573000,33.630001068115234,33.34000015258789,29.499664306640625
16-11-2016,32.560001373291016,33.08000183105469,9114600,33.2400016784668,32.61000061035156,28.85375213623047
17-11-2016,32.43000030517578,32.83000183105469,10709700,33.470001220703125,33.43000030517578,29.579301834106445
18-11-2016,33.15999984741211,33.4900016784668,7069500,33.689998626708984,33.619998931884766,29.747413635253906
21-11-2016,33.290000915527344,33.720001220703125,7134600,33.849998474121094,33.619998931884766,29.747413635253906
22-11-2016,33.75,33.84000015258789,8149800,34.33000183105469,33.970001220703125,30.057098388671875
23-11-2016,33.93000030517578,34.0,11393300,35.02000045776367,34.959999084472656,30.933059692382812
25-11-2016,34.650001525878906,34.9900016784668,3022500,35.02000045776367,34.70000076293945,30.703012466430664
28-11-2016,33.790000915527344,34.47999954223633,6247700,34.47999954223633,33.900001525878906,29.99516487121582
29-11-2016,33.79999923706055,34.04999923706055,4282500,34.15999984741211,33.79999923706055,29.906679153442383
30-11-2016,33.97999954223633,34.189998626708984,8560700,34.66999816894531,34.560001373291016,30.579145431518555
01-12-2016,34.56999969482422,34.68000030517578,9961900,35.45000076293945,35.06999969482422,31.03038787841797
02-12-2016,34.45500183105469,35.04999923706055,7112600,35.099998474121094,34.4900016784668,30.517208099365234
05-12-2016,34.810001373291016,34.849998474121094,5922700,35.52000045776367,35.11000061035156,31.065786361694336
06-12-2016,34.915000915527344,35.27000045776367,5031200,35.70000076293945,35.65999984741211,31.55243492126465
07-12-2016,34.97999954223633,35.22999954223633,6103300,36.27000045776367,36.18000030517578,32.01253890991211
08-12-2016,36.08399963378906,36.279998779296875,6651600,36.77000045776367,36.650001525878906,32.428401947021484
09-12-2016,36.220001220703125,36.540000915527344,5659600,36.77000045776367,36.529998779296875,32.32221603393555
12-12-2016,35.79999923706055,36.45000076293945,6647500,36.68000030517578,35.939998626708984,31.80019187927246
13-12-2016,35.58000183105469,36.130001068115234,7663400,36.38999938964844,36.27000045776367,32.092166900634766
14-12-2016,35.56999969482422,35.970001220703125,9938400,36.41999816894531,35.939998626708984,31.80019187927246
15-12-2016,35.939998626708984,36.2599983215332,11704400,37.130001068115234,36.93000030517578,32.676143646240234
16-12-2016,36.51499938964844,37.09000015258789,7620700,37.099998474121094,36.630001068115234,32.41070556640625
19-12-2016,36.5099983215332,36.56999969482422,5526600,36.959999084472656,36.900001525878906,32.649600982666016
20-12-2016,36.849998474121094,37.060001373291016,5100600,37.2599983215332,37.2599983215332,32.96813201904297
21-12-2016,36.95000076293945,37.310001373291016,2778300,37.310001373291016,37.099998474121094,32.826568603515625
22-12-2016,36.66999816894531,37.099998474121094,3958900,37.099998474121094,36.880001068115234,32.63190841674805
23-12-2016,36.66999816894531,36.810001373291016,2970500,36.970001220703125,36.970001220703125,32.71154022216797
27-12-2016,36.91999816894531,37.130001068115234,2208400,37.18000030517578,37.0,32.73808670043945
28-12-2016,36.20000076293945,37.06999969482422,4830700,37.099998474121094,36.2400016784668,32.06562805175781
29-12-2016,35.91999816894531,36.38999938964844,3529800,36.65999984741211,36.09000015258789,31.93290138244629
30-12-2016,36.08000183105469,36.130001068115234,3452600,36.459999084472656,36.27000045776367,32.092166900634766
03-01-2017,36.59000015258789,36.75,6058100,37.16999816894531,37.060001373291016,32.79116439819336
04-01-2017,37.14500045776367,37.29999923706055,6040100,38.05500030517578,37.93000030517578,33.56095504760742
05-01-2017,36.400001525878906,37.65999984741211,6850800,37.7400016784668,36.90999984741211,32.658447265625
06-01-2017,36.880001068115234,37.09000015258789,5110200,37.47999954223633,37.130001068115234,32.853118896484375
09-01-2017,36.52000045776367,36.90999984741211,3955400,37.07500076293945,36.900001525878906,32.649600982666016
10-01-2017,36.724998474121094,37.029998779296875,5033200,37.4900016784668,36.959999084472656,32.70269012451172
11-01-2017,35.65999984741211,36.810001373291016,11639100,36.810001373291016,36.36000061035156,32.17180252075195
12-01-2017,35.599998474121094,36.15999984741211,6484300,36.19499969482422,36.130001068115234,31.968299865722656
13-01-2017,36.064998626708984,36.34000015258789,4401200,36.83000183105469,36.31999969482422,32.13641357421875
17-01-2017,35.369998931884766,36.099998474121094,4701300,36.22999954223633,35.5099983215332,31.419706344604492
18-01-2017,35.16999816894531,35.790000915527344,3943600,35.91999816894531,35.900001525878906,31.76478385925293
19-01-2017,35.560001373291016,35.959999084472656,6150000,36.13999938964844,35.61000061035156,31.508201599121094
20-01-2017,35.849998474121094,35.97999954223633,8954500,36.849998474121094,36.2400016784668,32.06562805175781
23-01-2017,35.61000061035156,36.029998779296875,6846600,36.4900016784668,35.77000045776367,31.649763107299805
24-01-2017,35.880001068115234,35.970001220703125,4117800,36.369998931884766,36.08000183105469,31.924049377441406
25-01-2017,35.75,36.38999938964844,6387200,36.494998931884766,35.90999984741211,31.77363395690918
26-01-2017,35.880001068115234,36.02000045776367,7572200,36.70000076293945,36.689998626708984,32.46379089355469
27-01-2017,36.349998474121094,36.689998626708984,5956700,36.790000915527344,36.630001068115234,32.41070556640625
30-01-2017,36.0,36.45000076293945,4665100,36.529998779296875,36.470001220703125,32.26913070678711
31-01-2017,35.560001373291016,36.29999923706055,5993100,36.53499984741211,35.81999969482422,31.694002151489258
01-02-2017,35.8849983215332,36.060001373291016,5258000,36.58000183105469,36.0,31.853269577026367
02-02-2017,35.189998626708984,35.63999938964844,5636500,35.810001373291016,35.34000015258789,31.382619857788086
03-02-2017,35.650001525878906,35.95000076293945,7493400,36.73500061035156,36.5099983215332,32.42159652709961
06-02-2017,36.15999984741211,36.25,4385600,36.54999923706055,36.45000076293945,32.368316650390625
07-02-2017,35.959999084472656,36.63999938964844,5583400,36.779998779296875,36.04999923706055,32.01311492919922
08-02-2017,35.380001068115234,35.880001068115234,4228700,35.880001068115234,35.77000045776367,31.764463424682617
09-02-2017,35.68000030517578,35.77000045776367,4838600,36.595001220703125,36.4900016784668,32.403839111328125
10-02-2017,36.150001525878906,36.72999954223633,5527100,36.79999923706055,36.220001220703125,32.1640739440918
13-02-2017,36.31999969482422,36.43000030517578,7151700,36.790000915527344,36.650001525878906,32.54593276977539
14-02-2017,36.540000915527344,36.630001068115234,4626200,37.400001525878906,37.31999969482422,33.14089584350586
15-02-2017,37.16999816894531,37.33000183105469,4296900,37.75,37.279998779296875,33.105377197265625
16-02-2017,36.54999923706055,37.189998626708984,3616200,37.290000915527344,36.849998474121094,32.72352981567383
17-02-2017,36.05500030517578,36.58000183105469,5917000,36.7599983215332,36.68000030517578,32.572566986083984
21-02-2017,36.86000061035156,37.11000061035156,3842900,37.34000015258789,36.86000061035156,32.7324104309082
22-02-2017,36.540000915527344,36.59000015258789,2658500,37.029998779296875,36.779998779296875,32.6613655090332
23-02-2017,36.279998779296875,36.86000061035156,3122300,36.91999816894531,36.630001068115234,32.528160095214844
24-02-2017,36.11000061035156,36.25,4575000,36.47999954223633,36.47999954223633,32.394962310791016
27-02-2017,35.95000076293945,36.5,4195900,36.959999084472656,36.939998626708984,32.803443908691406
28-02-2017,35.75,36.77000045776367,7566900,36.85300064086914,36.2400016784668,32.18184280395508
01-03-2017,36.71099853515625,37.18000030517578,5994500,37.415000915527344,36.88999938964844,32.7590446472168
02-03-2017,35.91999816894531,36.880001068115234,6618900,36.97999954223633,35.970001220703125,31.94207763671875
03-03-2017,35.689998626708984,35.900001525878906,5091900,36.16999816894531,36.04999923706055,32.01311492919922
06-03-2017,35.31999969482422,35.79999923706055,5115900,35.810001373291016,35.58000183105469,31.59575080871582
07-03-2017,35.36000061035156,35.56999969482422,4149400,35.939998626708984,35.599998474121094,31.613500595092773
08-03-2017,35.63999938964844,35.900001525878906,3679900,36.099998474121094,35.709999084472656,31.711193084716797
09-03-2017,35.68000030517578,35.91999816894531,3208000,36.150001525878906,35.849998474121094,31.83551025390625
10-03-2017,35.779998779296875,36.08000183105469,4307300,36.20000076293945,36.0099983215332,31.977598190307617
13-03-2017,35.720001220703125,35.9900016784668,3894100,36.16999816894531,36.029998779296875,31.995349884033203
14-03-2017,35.64500045776367,35.75,3579900,35.97999954223633,35.91999816894531,31.897663116455078
15-03-2017,35.68000030517578,36.029998779296875,6428700,36.18000030517578,35.79999923706055,31.791105270385742
16-03-2017,35.70500183105469,36.0099983215332,4818400,36.084999084472656,35.83000183105469,31.8177547454834
17-03-2017,34.86000061035156,35.72999954223633,10581400,35.72999954223633,35.119998931884766,31.187252044677734
20-03-2017,34.189998626708984,35.08000183105469,9393700,35.20000076293945,34.20000076293945,30.370277404785156
21-03-2017,32.939998626708984,34.38999938964844,11893000,34.5,33.02000045776367,29.322412490844727
22-03-2017,32.47999954223633,32.900001525878906,8907100,33.529998779296875,33.08000183105469,29.375690460205078
23-03-2017,32.93000030517578,33.06999969482422,6455500,33.81999969482422,33.43000030517578,29.686494827270508
24-03-2017,33.029998779296875,33.560001373291016,4682500,33.689998626708984,33.310001373291016,29.57993507385254
27-03-2017,32.2400016784668,32.59000015258789,8790100,32.970001220703125,32.7400016784668,29.073766708374023
28-03-2017,32.599998474121094,32.810001373291016,6438000,33.900001525878906,33.65999984741211,29.8907413482666
29-03-2017,33.54999923706055,33.63999938964844,4487100,33.93000030517578,33.779998779296875,29.99730682373047
30-03-2017,33.779998779296875,33.81999969482422,5122200,34.584999084472656,34.43000030517578,30.57452392578125
31-03-2017,34.125,34.27000045776367,5031400,34.529998779296875,34.29999923706055,30.45907974243164
03-04-2017,33.275001525878906,34.45000076293945,6171300,34.540000915527344,33.7599983215332,29.97954559326172
04-04-2017,33.58000183105469,33.58000183105469,2556000,33.90999984741211,33.72999954223633,29.952905654907227
05-04-2017,33.13999938964844,34.2400016784668,5021000,34.36000061035156,33.2599983215332,29.535541534423828
06-04-2017,32.94499969482422,33.22999954223633,10510500,33.59000015258789,33.22999954223633,29.50889778137207
07-04-2017,32.869998931884766,32.959999084472656,3734700,33.41999816894531,33.15999984741211,29.446735382080078
10-04-2017,32.814998626708984,33.189998626708984,6846200,33.46500015258789,32.869998931884766,29.189208984375
11-04-2017,32.25,32.54999923706055,6759700,33.11800003051758,33.04999923706055,29.349056243896484
12-04-2017,32.709999084472656,32.81999969482422,4596100,33.22999954223633,32.810001373291016,29.13593101501465
13-04-2017,32.369998931884766,32.66999816894531,5266500,32.9900016784668,32.369998931884766,28.745203018188477
17-04-2017,32.279998779296875,32.40999984741211,4183900,33.040000915527344,33.02000045776367,29.322412490844727
18-04-2017,32.560001373291016,32.810001373291016,4971700,33.064998626708984,32.849998474121094,29.17144203186035
19-04-2017,32.869998931884766,33.060001373291016,3358600,33.22999954223633,33.0,29.304655075073242
20-04-2017,33.27000045776367,33.31999969482422,5408300,34.0099983215332,33.849998474121094,30.059471130371094
21-04-2017,33.2599983215332,33.779998779296875,4729700,33.880001068115234,33.380001068115234,29.64210319519043
24-04-2017,33.68000030517578,34.29999923706055,4231800,34.349998474121094,33.900001525878906,30.103872299194336
25-04-2017,33.630001068115234,34.189998626708984,6164900,34.33000183105469,33.81999969482422,30.032833099365234
26-04-2017,32.650001525878906,33.72999954223633,11545900,33.79999923706055,33.22999954223633,29.50889778137207
27-04-2017,33.0,33.439998626708984,7139800,33.439998626708984,33.04999923706055,29.349056243896484
28-04-2017,27.239999771118164,27.5,46376200,29.079999923706055,27.799999237060547,24.68694305419922
01-05-2017,27.200000762939453,27.979999542236328,22971500,28.6200008392334,27.940000534057617,24.811275482177734
02-05-2017,27.68000030517578,27.959999084472656,25490600,28.93000030517578,28.8700008392334,25.637128829956055
03-05-2017,28.520000457763672,28.6200008392334,14287700,29.18000030517578,28.770000457763672,25.54833221435547
04-05-2017,28.540000915527344,28.790000915527344,9812900,28.979999542236328,28.670000076293945,25.575092315673828
05-05-2017,28.420000076293945,28.84000015258789,10945300,29.25,28.610000610351562,25.521560668945312
08-05-2017,28.350000381469727,28.579999923706055,8054600,28.700000762939453,28.3799991607666,25.316390991210938
09-05-2017,28.020000457763672,28.440000534057617,8665700,28.530000686645508,28.100000381469727,25.066621780395508
10-05-2017,27.68000030517578,28.010000228881836,11018200,28.1200008392334,27.760000228881836,24.76332664489746
11-05-2017,26.600000381469727,27.670000076293945,14155000,27.68000030517578,26.93000030517578,24.022918701171875
12-05-2017,26.010000228881836,26.809999465942383,23145000,26.825000762939453,26.59000015258789,23.719623565673828
15-05-2017,26.520000457763672,26.770000457763672,14541200,27.395000457763672,27.110000610351562,24.183494567871094
16-05-2017,26.790000915527344,27.219999313354492,11191800,27.239999771118164,26.84000015258789,23.942636489868164
17-05-2017,26.145000457763672,26.84000015258789,11761900,26.84000015258789,26.5,23.639341354370117
18-05-2017,26.40999984741211,26.43000030517578,7949500,26.774999618530273,26.5,23.639341354370117
19-05-2017,26.80500030517578,27.760000228881836,13465100,27.81999969482422,26.84000015258789,23.942636489868164
22-05-2017,26.65999984741211,27.010000228881836,9221600,27.030000686645508,26.90999984741211,24.005075454711914
23-05-2017,26.68000030517578,27.010000228881836,6534500,27.010000228881836,26.84000015258789,23.942636489868164
24-05-2017,26.700000762939453,26.81999969482422,9157300,27.010000228881836,26.799999237060547,23.90694808959961
25-05-2017,26.719999313354492,26.969999313354492,12800800,27.40999984741211,27.229999542236328,24.290536880493164
26-05-2017,27.06999969482422,27.149999618530273,11451700,27.649999618530273,27.3700008392334,24.415428161621094
30-05-2017,27.0049991607666,27.309999465942383,9631400,27.459999084472656,27.100000381469727,24.174570083618164
31-05-2017,26.34000015258789,27.100000381469727,9204200,27.200000762939453,26.850000381469727,23.951555252075195
01-06-2017,26.84000015258789,26.989999771118164,8658400,27.469999313354492,27.219999313354492,24.281618118286133
02-06-2017,26.979999542236328,26.979999542236328,12368500,27.670000076293945,27.399999618530273,24.442184448242188
05-06-2017,27.100000381469727,27.350000381469727,10972400,28.06599998474121,27.959999084472656,24.941728591918945
06-06-2017,27.510000228881836,27.719999313354492,14205500,28.44499969482422,28.290000915527344,25.236114501953125
07-06-2017,28.415000915527344,28.459999084472656,16055500,29.184999465942383,28.8700008392334,25.753507614135742
08-06-2017,28.6299991607666,28.8700008392334,8540400,29.239999771118164,28.670000076293945,25.575092315673828
09-06-2017,28.520000457763672,28.93000030517578,7848000,28.979999542236328,28.700000762939453,25.60185432434082
12-06-2017,28.68000030517578,28.709999084472656,5666100,28.979999542236328,28.760000228881836,25.655372619628906
13-06-2017,28.43000030517578,28.829999923706055,5308200,29.084999084472656,28.989999771118164,25.860544204711914
14-06-2017,28.6200008392334,28.799999237060547,10163500,29.31999969482422,29.229999542236328,26.07463836669922
15-06-2017,28.969999313354492,28.979999542236328,8638100,29.65999984741211,29.469999313354492,26.28873062133789
16-06-2017,29.06999969482422,29.459999084472656,6828300,29.459999084472656,29.329999923706055,26.163837432861328
19-06-2017,29.124000549316406,29.469999313354492,6875200,29.469999313354492,29.420000076293945,26.24412727355957
20-06-2017,29.329999923706055,29.399999618530273,5691900,29.774999618530273,29.440000534057617,26.261966705322266
21-06-2017,29.201000213623047,29.450000762939453,7815300,29.790000915527344,29.700000762939453,26.4939022064209
22-06-2017,29.15999984741211,29.56999969482422,6380500,29.760000228881836,29.299999237060547,26.137083053588867
23-06-2017,28.84000015258789,29.489999771118164,7561500,29.520000457763672,28.969999313354492,25.84270477294922
26-06-2017,29.040000915527344,29.040000915527344,7016700,29.719999313354492,29.68000030517578,26.476058959960938
27-06-2017,29.420000076293945,29.75,6395700,29.799999237060547,29.440000534057617,26.261966705322266
28-06-2017,29.59000015258789,29.670000076293945,10205800,30.100000381469727,29.799999237060547,26.58310890197754
29-06-2017,29.315000534057617,30.25,10081600,30.540000915527344,29.549999237060547,26.36009407043457
30-06-2017,29.469999313354492,29.780000686645508,4782900,29.959999084472656,29.81999969482422,26.6009464263916
03-07-2017,29.950000762939453,30.059999465942383,2315300,30.3700008392334,30.059999465942383,26.815040588378906
05-07-2017,29.739999771118164,30.170000076293945,4380600,30.260000228881836,29.780000686645508,26.56526756286621
06-07-2017,29.290000915527344,29.799999237060547,4040200,29.799999237060547,29.3799991607666,26.20844268798828
07-07-2017,29.399999618530273,29.540000915527344,3595800,29.84000015258789,29.700000762939453,26.4939022064209
10-07-2017,29.084999084472656,29.670000076293945,5717600,29.700000762939453,29.1299991607666,25.985429763793945
11-07-2017,28.799999237060547,29.15999984741211,7745400,29.15999984741211,29.100000381469727,25.958669662475586
12-07-2017,28.889999389648438,29.100000381469727,3924900,29.350000381469727,29.329999923706055,26.163837432861328
13-07-2017,29.209999084472656,29.209999084472656,4742300,29.704999923706055,29.360000610351562,26.19060516357422
14-07-2017,29.059999465942383,29.149999618530273,4252700,29.635000228881836,29.479999542236328,26.297649383544922
17-07-2017,29.219999313354492,29.479999542236328,3948400,29.844999313354492,29.649999618530273,26.449298858642578
18-07-2017,29.170000076293945,29.43000030517578,4653400,29.565000534057617,29.329999923706055,26.163837432861328
19-07-2017,29.239999771118164,29.450000762939453,5228500,29.610000610351562,29.510000228881836,26.32440948486328
20-07-2017,29.190000534057617,29.420000076293945,5707000,29.739999771118164,29.530000686645508,26.34225082397461
21-07-2017,30.1200008392334,31.489999771118164,11172300,31.899999618530273,30.8700008392334,27.5376033782959
24-07-2017,30.530000686645508,30.799999237060547,5999800,31.1200008392334,30.739999771118164,27.421632766723633
25-07-2017,30.709999084472656,30.979999542236328,5911600,31.200000762939453,30.889999389648438,27.555442810058594
26-07-2017,30.530000686645508,31.06999969482422,6270400,31.09000015258789,30.56999969482422,27.269987106323242
27-07-2017,30.125,30.59000015258789,6599700,30.6299991607666,30.34000015258789,27.06481170654297
28-07-2017,29.84000015258789,30.190000534057617,8419200,30.270000457763672,29.940000534057617,26.707998275756836
31-07-2017,30.059999465942383,30.059999465942383,12946000,30.479999542236328,30.31999969482422,27.046968460083008
01-08-2017,29.829999923706055,30.520000457763672,8219200,30.57900047302246,29.8799991607666,26.654468536376953
02-08-2017,29.780000686645508,29.93000030517578,6297900,30.184999465942383,30.059999465942383,26.815040588378906
03-08-2017,29.790000915527344,29.899999618530273,6989300,30.399999618530273,29.90999984741211,26.815038681030273
04-08-2017,29.799999237060547,30.170000076293945,7284100,30.31999969482422,29.8700008392334,26.779178619384766
07-08-2017,29.770000457763672,29.8799991607666,5164200,30.514999389648438,30.399999618530273,27.25433921813965
08-08-2017,30.34000015258789,30.34000015258789,8043200,31.40999984741211,30.719999313354492,27.54122543334961
09-08-2017,30.1299991607666,30.479999542236328,5204200,30.559999465942383,30.25,27.119855880737305
10-08-2017,28.93000030517578,30.06999969482422,9816200,30.09000015258789,29.31999969482422,26.28609275817871
11-08-2017,28.959999084472656,29.34000015258789,6668000,29.395000457763672,29.200000762939453,26.178508758544922
14-08-2017,29.399999618530273,29.5,5917600,30.200000762939453,29.639999389648438,26.572978973388672
15-08-2017,30.3799991607666,30.90999984741211,13489300,31.1299991607666,30.989999771118164,27.783283233642578
16-08-2017,30.81999969482422,31.670000076293945,7408500,31.68000030517578,30.8700008392334,27.675704956054688
17-08-2017,30.049999237060547,30.8700008392334,7398500,30.90999984741211,30.100000381469727,26.985382080078125
18-08-2017,29.8799991607666,30.190000534057617,5534200,30.360000610351562,30.06999969482422,26.958484649658203
21-08-2017,29.950000762939453,30.100000381469727,4640200,30.299999237060547,30.260000228881836,27.128820419311523
22-08-2017,30.0,30.34000015258789,6259800,30.46500015258789,30.34000015258789,27.20054817199707
23-08-2017,30.1299991607666,30.200000762939453,4292300,30.56999969482422,30.309999465942383,27.173648834228516
24-08-2017,30.299999237060547,30.489999771118164,3220900,30.700000762939453,30.459999084472656,27.308124542236328
25-08-2017,30.440000534057617,30.530000686645508,2908000,30.850000381469727,30.540000915527344,27.379850387573242
28-08-2017,30.170000076293945,30.739999771118164,3713400,30.75,30.290000915527344,27.15572166442871
29-08-2017,29.790000915527344,30.040000915527344,5722700,30.200000762939453,30.1200008392334,27.003307342529297
30-08-2017,30.049999237060547,30.100000381469727,5629800,30.760000228881836,30.65999984741211,27.487436294555664
31-08-2017,30.6200008392334,30.719999313354492,5132600,30.920000076293945,30.790000915527344,27.603981018066406
01-09-2017,30.700000762939453,30.780000686645508,3076500,31.03499984741211,30.920000076293945,27.72052574157715
05-09-2017,29.75,30.700000762939453,6260200,30.75,29.8700008392334,26.779178619384766
06-09-2017,29.93000030517578,30.049999237060547,5911900,30.274999618530273,29.959999084472656,26.85986328125
07-09-2017,28.954999923706055,30.0,5625200,30.0,29.059999465942383,26.052993774414062
08-09-2017,28.32900047302246,28.6299991607666,8560000,28.860000610351562,28.549999237060547,25.595767974853516
11-09-2017,28.649999618530273,28.81999969482422,6050400,29.350000381469727,29.149999618530273,26.133684158325195
12-09-2017,29.110000610351562,29.350000381469727,5179800,29.56999969482422,29.190000534057617,26.169540405273438
13-09-2017,29.200000762939453,29.25,7166700,29.56999969482422,29.31999969482422,26.28609275817871
14-09-2017,28.670000076293945,29.270000457763672,7550300,29.43000030517578,28.700000762939453,25.73024559020996
15-09-2017,28.459999084472656,28.56999969482422,11003600,29.209999084472656,29.020000457763672,26.017133712768555
18-09-2017,28.950000762939453,29.110000610351562,5682900,29.299999237060547,29.260000228881836,26.232295989990234
19-09-2017,29.049999237060547,29.290000915527344,5754300,29.479999542236328,29.09000015258789,26.07988739013672
20-09-2017,28.899999618530273,29.200000762939453,6347400,29.266000747680664,29.0,25.999204635620117
21-09-2017,28.70400047302246,29.0,5281800,29.09000015258789,28.889999389648438,25.900583267211914
22-09-2017,28.850000381469727,28.860000610351562,6320700,29.5,29.469999313354492,26.42057228088379
25-09-2017,29.309999465942383,29.350000381469727,6827300,29.8799991607666,29.559999465942383,26.50125503540039
26-09-2017,29.510000228881836,29.610000610351562,3918600,30.040000915527344,29.940000534057617,26.841936111450195
27-09-2017,30.18000030517578,30.239999771118164,11194700,31.184999465942383,30.940000534057617,27.738462448120117
28-09-2017,30.8799991607666,30.899999618530273,7666600,31.43000030517578,31.190000534057617,27.962589263916016
29-09-2017,30.920000076293945,31.190000534057617,5255600,31.3799991607666,31.049999237060547,27.837080001831055
02-10-2017,30.920000076293945,31.170000076293945,4478600,31.489999771118164,31.479999542236328,28.222583770751953
03-10-2017,31.420000076293945,31.459999084472656,5916600,31.885000228881836,31.719999313354492,28.437746047973633
04-10-2017,31.260000228881836,31.760000228881836,4750400,31.790000915527344,31.309999465942383,28.070175170898438
05-10-2017,31.15999984741211,31.31999969482422,4838900,31.665000915527344,31.65999984741211,28.38395881652832
06-10-2017,31.190000534057617,31.459999084472656,4695000,31.575000762939453,31.309999465942383,28.070175170898438
09-10-2017,31.260000228881836,31.469999313354492,2616800,31.690000534057617,31.440000534057617,28.186721801757812
10-10-2017,31.5,31.5,4867300,31.899999618530273,31.75,28.464649200439453
11-10-2017,31.3700008392334,31.719999313354492,3444200,31.829999923706055,31.420000076293945,28.16878890991211
12-10-2017,30.479999542236328,31.329999923706055,6771800,31.329999923706055,30.639999389648438,27.469499588012695
13-10-2017,30.3799991607666,30.450000762939453,7889900,31.239999771118164,30.81999969482422,27.630876541137695
16-10-2017,30.90999984741211,30.989999771118164,10557400,31.6200008392334,31.5,28.240516662597656
17-10-2017,30.850000381469727,31.59000015258789,4723600,31.594999313354492,30.979999542236328,27.774322509765625
18-10-2017,30.989999771118164,31.1200008392334,6903800,31.549999237060547,31.510000228881836,28.249479293823242
19-10-2017,30.860000610351562,31.200000762939453,7787700,31.8700008392334,31.709999084472656,28.42877960205078
20-10-2017,32.845001220703125,33.40999984741211,15400900,34.08000183105469,33.040000915527344,29.62116813659668
23-10-2017,32.630001068115234,33.2599983215332,6188200,33.33000183105469,32.68000030517578,29.29841423034668
24-10-2017,32.27000045776367,32.7599983215332,4908900,32.86000061035156,32.650001525878906,29.271520614624023
25-10-2017,32.0,32.380001068115234,8934100,32.630001068115234,32.380001068115234,29.02945327758789
26-10-2017,32.599998474121094,32.65999984741211,5219800,32.970001220703125,32.869998931884766,29.468753814697266
27-10-2017,32.43000030517578,32.61000061035156,4059300,32.970001220703125,32.939998626708984,29.53150749206543
30-10-2017,32.5099983215332,32.779998779296875,3998100,33.099998474121094,32.599998474121094,29.226688385009766
31-10-2017,32.43000030517578,32.540000915527344,4589300,32.81999969482422,32.619998931884766,29.244619369506836
01-11-2017,32.54499816894531,32.709999084472656,2934100,32.95000076293945,32.83000183105469,29.432889938354492
02-11-2017,32.46500015258789,32.79999923706055,6214600,33.2400016784668,33.220001220703125,29.78253746032715
03-11-2017,32.900001525878906,33.119998931884766,4242500,33.369998931884766,33.11000061035156,29.818559646606445
06-11-2017,32.77000045776367,33.0,4144800,33.08000183105469,32.77000045776367,29.512361526489258
07-11-2017,32.27000045776367,32.81999969482422,4561500,33.02000045776367,32.36000061035156,29.143115997314453
08-11-2017,31.790000915527344,32.279998779296875,4130100,32.38999938964844,32.06999969482422,28.88194465637207
09-11-2017,31.549999237060547,31.920000076293945,4140300,32.209999084472656,32.09000015258789,28.89995765686035
10-11-2017,32.04499816894531,32.130001068115234,2669700,32.380001068115234,32.06999969482422,28.88194465637207
13-11-2017,32.11000061035156,32.18000030517578,5185300,32.630001068115234,32.59000015258789,29.350250244140625
14-11-2017,32.2599983215332,32.369998931884766,3936400,32.65999984741211,32.560001373291016,29.32323455810547
15-11-2017,31.850000381469727,32.08000183105469,6556700,32.7400016784668,32.529998779296875,29.296218872070312
16-11-2017,33.189998626708984,33.52000045776367,11362700,33.86000061035156,33.380001068115234,30.06171989440918
17-11-2017,33.34000015258789,33.400001525878906,8665800,34.040000915527344,33.86000061035156,30.49399757385254
20-11-2017,33.81999969482422,33.86000061035156,8232800,34.31999969482422,33.86000061035156,30.49399757385254
21-11-2017,33.310001373291016,33.90999984741211,6838200,33.9900016784668,33.77000045776367,30.412946701049805
22-11-2017,33.5,33.900001525878906,4177300,33.97999954223633,33.66999816894531,30.322887420654297
24-11-2017,33.41999816894531,33.72999954223633,2372300,33.755001068115234,33.4900016784668,30.160783767700195
27-11-2017,32.91999816894531,33.47999954223633,6196300,33.5,33.209999084472656,29.90861701965332
28-11-2017,33.07500076293945,33.220001220703125,8612100,34.61000061035156,34.4900016784668,31.06137466430664
29-11-2017,34.8849983215332,34.939998626708984,11568600,35.68000030517578,35.349998474121094,31.83587646484375
30-11-2017,35.435001373291016,35.5,12016600,36.45000076293945,35.88999938964844,32.32219696044922
01-12-2017,34.65999984741211,35.790000915527344,7336500,36.064998626708984,35.939998626708984,32.36723327636719
04-12-2017,36.56999969482422,36.56999969482422,14112000,38.040000915527344,37.45000076293945,33.727115631103516
05-12-2017,37.189998626708984,37.599998474121094,8227500,37.93000030517578,37.310001373291016,33.60103988647461
06-12-2017,37.040000915527344,37.099998474121094,5706000,37.599998474121094,37.38999938964844,33.6730842590332
07-12-2017,37.09000015258789,37.15999984741211,8103400,37.72999954223633,37.34000015258789,33.62805938720703
08-12-2017,37.165000915527344,37.849998474121094,7833900,37.849998474121094,37.5,33.77215576171875
11-12-2017,37.290000915527344,37.439998626708984,5916800,37.70000076293945,37.59000015258789,33.85320281982422
12-12-2017,37.36000061035156,37.619998931884766,7197800,37.86000061035156,37.36000061035156,33.64607620239258
13-12-2017,36.599998474121094,37.400001525878906,8078700,37.540000915527344,36.63999938964844,32.99764633178711
14-12-2017,36.84000015258789,36.86000061035156,5601700,37.33000183105469,36.9900016784668,33.3128547668457
15-12-2017,36.880001068115234,37.27000045776367,8883500,37.599998474121094,37.189998626708984,33.49296569824219
18-12-2017,37.72999954223633,37.790000915527344,8723500,38.96500015258789,38.5099983215332,34.68174743652344
19-12-2017,38.15999984741211,38.79999923706055,7137000,38.849998474121094,38.18000030517578,34.38454818725586
20-12-2017,37.91999816894531,38.63999938964844,3489700,38.650001525878906,37.959999084472656,34.18642044067383
21-12-2017,38.06999969482422,38.18000030517578,4162700,38.77000045776367,38.599998474121094,34.7628059387207
22-12-2017,38.27000045776367,38.86000061035156,4260000,38.86000061035156,38.77000045776367,34.91590118408203
26-12-2017,38.54999923706055,38.70000076293945,3130500,38.959999084472656,38.709999084472656,34.86186218261719
27-12-2017,38.40999984741211,38.709999084472656,2607200,38.81999969482422,38.599998474121094,34.7628059387207
28-12-2017,38.7400016784668,38.79999923706055,3472700,39.11000061035156,38.970001220703125,35.09602355957031
29-12-2017,38.599998474121094,39.130001068115234,3506500,39.16999816894531,38.61000061035156,34.77180862426758
02-01-2018,38.52000045776367,38.79999923706055,3326900,39.0,38.86000061035156,34.99696350097656
03-01-2018,38.72999954223633,38.869998931884766,4327300,39.18000030517578,39.119998931884766,35.231109619140625
04-01-2018,39.369998931884766,39.470001220703125,3645900,39.86000061035156,39.400001525878906,35.483272552490234
05-01-2018,39.25,39.65999984741211,4686500,39.790000915527344,39.7400016784668,35.78947830200195
08-01-2018,39.2400016784668,39.61000061035156,4959600,39.779998779296875,39.2599983215332,35.35719299316406
09-01-2018,39.29999923706055,39.529998779296875,6594300,39.810001373291016,39.439998626708984,35.51929473876953
10-01-2018,39.380001068115234,39.5099983215332,7627100,40.029998779296875,39.65999984741211,35.71742248535156
11-01-2018,39.279998779296875,39.77000045776367,6144200,40.16999816894531,39.7599983215332,35.80748748779297
12-01-2018,37.65999984741211,40.040000915527344,8532100,40.04999923706055,39.369998931884766,35.45625686645508
16-01-2018,37.779998779296875,39.459999084472656,12961200,39.58000183105469,37.93000030517578,34.15940475463867
17-01-2018,37.79100036621094,38.15999984741211,10737200,38.33000183105469,38.060001373291016,34.276485443115234
18-01-2018,36.75,38.290000915527344,13731000,38.290000915527344,37.29999923706055,33.59203338623047
19-01-2018,36.849998474121094,37.7400016784668,11775700,38.84000015258789,38.470001220703125,34.645729064941406
22-01-2018,38.15999984741211,38.18000030517578,15163700,39.599998474121094,39.52000045776367,35.59134292602539
23-01-2018,39.060001373291016,39.41999816894531,8378400,39.939998626708984,39.779998779296875,35.825496673583984
24-01-2018,39.459999084472656,39.88999938964844,7679400,40.189998626708984,39.7400016784668,35.78947830200195
25-01-2018,39.470001220703125,39.90999984741211,7034600,40.029998779296875,39.58000183105469,35.6453857421875
26-01-2018,39.4900016784668,39.630001068115234,5504700,40.23500061035156,40.209999084472656,36.21275329589844
29-01-2018,40.099998474121094,40.11000061035156,5791900,40.59000015258789,40.15999984741211,36.167720794677734
30-01-2018,39.604000091552734,39.91999816894531,5453700,40.15999984741211,39.630001068115234,35.69041061401367
31-01-2018,39.65999984741211,39.75,6981700,40.29999923706055,39.68000030517578,35.73544692993164
01-02-2018,39.029998779296875,39.540000915527344,5474400,39.66999816894531,39.65999984741211,35.71742248535156
02-02-2018,38.505001068115234,39.5,6192000,39.8849983215332,38.68000030517578,34.967098236083984
05-02-2018,36.58000183105469,38.2599983215332,10395400,38.90999984741211,36.880001068115234,33.339881896972656
06-02-2018,35.45000076293945,36.04999923706055,9275000,37.84000015258789,37.66999816894531,34.05405044555664
07-02-2018,37.29999923706055,37.439998626708984,8031500,38.189998626708984,37.5,33.900367736816406
08-02-2018,34.970001220703125,37.5,9244100,37.54999923706055,34.97999954223633,31.62225914001465
09-02-2018,33.60499954223633,35.349998474121094,11802200,35.86000061035156,35.029998779296875,31.66745948791504
12-02-2018,35.2400016784668,35.349998474121094,7027400,36.48500061035156,36.2400016784668,32.761314392089844
13-02-2018,35.52000045776367,35.91999816894531,4509900,36.13999938964844,36.0099983215332,32.55339050292969
14-02-2018,35.53499984741211,35.810001373291016,6964800,36.720001220703125,36.70000076293945,33.17715835571289
15-02-2018,36.310001373291016,37.040000915527344,5219300,37.1349983215332,36.84000015258789,33.3037223815918
16-02-2018,36.61000061035156,36.7400016784668,4219500,37.18000030517578,36.72999954223633,33.20428466796875
20-02-2018,36.36000061035156,36.630001068115234,4235100,36.90999984741211,36.560001373291016,33.05059814453125
21-02-2018,36.5,36.61000061035156,4423200,37.404998779296875,36.56999969482422,33.05963897705078
22-02-2018,36.2400016784668,36.77000045776367,7871200,36.90999984741211,36.33000183105469,32.842674255371094
23-02-2018,36.43000030517578,36.540000915527344,3101300,37.15999984741211,37.150001525878906,33.58396911621094
26-02-2018,36.790000915527344,37.27000045776367,5200300,37.400001525878906,37.38999938964844,33.800926208496094
27-02-2018,36.79999923706055,37.38999938964844,6428400,38.06999969482422,36.810001373291016,33.276607513427734
28-02-2018,36.380001068115234,37.16999816894531,4691300,37.529998779296875,36.38999938964844,32.89691162109375
01-03-2018,35.720001220703125,36.5,7483000,36.97999954223633,35.849998474121094,32.408748626708984
02-03-2018,34.70000076293945,35.560001373291016,5433800,36.0099983215332,35.93000030517578,32.481075286865234
05-03-2018,35.42499923706055,35.70000076293945,6491300,36.380001068115234,36.22999954223633,32.75227737426758
06-03-2018,35.6150016784668,36.34000015258789,4312700,36.540000915527344,36.20000076293945,32.72515869140625
07-03-2018,35.709999084472656,35.810001373291016,4320800,36.38999938964844,36.29999923706055,32.815555572509766
08-03-2018,36.099998474121094,36.5,4141600,36.90999984741211,36.84000015258789,33.3037223815918
09-03-2018,36.59000015258789,37.18000030517578,5151300,37.290000915527344,37.279998779296875,33.70148849487305
12-03-2018,36.810001373291016,37.20000076293945,3977600,37.56999969482422,36.97999954223633,33.4302864074707
13-03-2018,36.599998474121094,37.31999969482422,5419700,37.31999969482422,36.68000030517578,33.159088134765625
14-03-2018,35.994998931884766,36.97999954223633,4231800,37.23500061035156,36.099998474121094,32.63475799560547
15-03-2018,34.4900016784668,36.0,11288300,36.150001525878906,34.66999816894531,31.34202003479004
16-03-2018,34.689998626708984,34.83000183105469,13767800,35.52000045776367,35.20000076293945,31.821147918701172
19-03-2018,34.8849983215332,35.02000045776367,7071400,35.470001220703125,35.2599983215332,31.875389099121094
20-03-2018,35.29999923706055,35.40999984741211,4799800,35.67499923706055,35.400001525878906,32.001949310302734
21-03-2018,35.29999923706055,35.349998474121094,4325100,35.86000061035156,35.29999923706055,31.91154670715332
22-03-2018,33.68000030517578,34.77000045776367,5728000,35.119998931884766,33.72999954223633,30.49225616455078
23-03-2018,32.470001220703125,33.869998931884766,7830300,33.95000076293945,32.5099983215332,29.389358520507812
26-03-2018,32.61000061035156,33.04999923706055,8755000,33.415000915527344,33.29999923706055,30.103527069091797
27-03-2018,32.400001525878906,33.459999084472656,5625000,33.72999954223633,32.66999816894531,29.53400421142578
28-03-2018,32.36000061035156,32.36000061035156,8187000,33.709999084472656,33.11000061035156,29.93177032470703
29-03-2018,32.86000061035156,33.220001220703125,5954100,33.66999816894531,33.529998779296875,30.311445236206055
02-04-2018,32.220001220703125,33.43000030517578,6253000,33.70000076293945,32.65999984741211,29.524965286254883
03-04-2018,32.84000015258789,32.90999984741211,5184700,33.51499938964844,33.43000030517578,30.22104835510254
04-04-2018,32.630001068115234,32.630001068115234,4956100,34.0,33.90999984741211,30.65497398376465
05-04-2018,34.13999938964844,34.209999084472656,8173200,35.34000015258789,34.79999923706055,31.459537506103516
06-04-2018,33.38999938964844,34.29999923706055,4349800,34.45500183105469,33.810001373291016,30.564573287963867
09-04-2018,33.810001373291016,34.15999984741211,3661700,34.720001220703125,33.86000061035156,30.609777450561523
10-04-2018,34.06999969482422,34.40999984741211,4297800,34.55500030517578,34.459999084472656,31.152177810668945
11-04-2018,33.97999954223633,34.06999969482422,4217400,34.650001525878906,34.2400016784668,30.953298568725586
12-04-2018,34.540000915527344,34.59000015258789,4300900,35.08000183105469,34.83000183105469,31.48666763305664
13-04-2018,33.91999816894531,35.15999984741211,5729200,35.290000915527344,34.06999969482422,30.799619674682617
16-04-2018,34.119998931884766,34.45000076293945,4857000,34.650001525878906,34.470001220703125,31.16122055053711
17-04-2018,34.470001220703125,34.83000183105469,5485300,35.060001373291016,34.56999969482422,31.25162124633789
18-04-2018,34.689998626708984,34.7599983215332,3345900,35.2400016784668,34.88999938964844,31.540903091430664
19-04-2018,34.939998626708984,34.939998626708984,5196800,35.59000015258789,35.349998474121094,31.956743240356445
20-04-2018,34.86000061035156,35.709999084472656,10287100,36.209999084472656,35.20000076293945,31.821147918701172
23-04-2018,34.54999923706055,35.310001373291016,5856200,35.439998626708984,34.72999954223633,31.39626121520996
24-04-2018,34.10499954223633,35.09000015258789,7072200,35.2400016784668,34.349998474121094,31.052734375
25-04-2018,33.165000915527344,34.15999984741211,10821700,34.2400016784668,33.290000915527344,30.094484329223633
26-04-2018,33.119998931884766,33.310001373291016,5990800,33.529998779296875,33.29999923706055,30.103527069091797
27-04-2018,33.005001068115234,33.29999923706055,4503500,33.439998626708984,33.11000061035156,29.93177032470703
30-04-2018,33.15999984741211,33.27000045776367,3980100,33.584999084472656,33.16999816894531,29.986005783081055
01-05-2018,32.720001220703125,33.08000183105469,4804500,33.150001525878906,33.08000183105469,29.90464973449707
02-05-2018,32.83000183105469,32.9900016784668,6386000,33.40999984741211,32.93000030517578,29.76904296875
03-05-2018,31.84000015258789,32.79999923706055,5763400,32.810001373291016,32.130001068115234,29.04583740234375
04-05-2018,31.739999771118164,31.8700008392334,4741000,32.75,32.630001068115234,29.63620376586914
07-05-2018,32.47999954223633,32.70000076293945,4973400,32.849998474121094,32.720001220703125,29.717941284179688
08-05-2018,32.779998779296875,32.83000183105469,6296800,33.349998474121094,33.08000183105469,30.04491424560547
09-05-2018,33.11000061035156,33.2599983215332,3983000,33.84000015258789,33.72999954223633,30.635278701782227
10-05-2018,33.599998474121094,33.72999954223633,3155200,34.11600112915039,33.900001525878906,30.78968048095703
11-05-2018,33.900001525878906,33.900001525878906,3282700,34.43000030517578,34.11000061035156,30.98040771484375
14-05-2018,33.880001068115234,34.290000915527344,2471700,34.290000915527344,33.939998626708984,30.826000213623047
15-05-2018,33.650001525878906,33.650001525878906,3675800,34.525001525878906,34.209999084472656,31.071231842041016
16-05-2018,34.08000183105469,34.29999923706055,3065900,34.7599983215332,34.59000015258789,31.416370391845703
17-05-2018,34.470001220703125,34.58000183105469,3690600,35.0,34.93000030517578,31.725173950195312
18-05-2018,34.900001525878906,34.93000030517578,7236700,35.630001068115234,35.439998626708984,32.18837356567383
21-05-2018,35.52000045776367,35.599998474121094,5835600,35.95500183105469,35.720001220703125,32.44268798828125
22-05-2018,35.70000076293945,35.70000076293945,4909800,36.31999969482422,36.11000061035156,32.796913146972656
23-05-2018,35.42399978637695,35.77000045776367,5063400,36.119998931884766,36.119998931884766,32.80599594116211
24-05-2018,35.08000183105469,35.9900016784668,5140900,36.25,35.900001525878906,32.606170654296875
25-05-2018,35.41999816894531,35.81999969482422,3982500,35.81999969482422,35.61000061035156,32.34279251098633
29-05-2018,34.185001373291016,35.16999816894531,6116300,35.2599983215332,34.470001220703125,31.3073787689209
30-05-2018,34.665000915527344,34.849998474121094,4759900,35.189998626708984,35.02000045776367,31.80691146850586
31-05-2018,34.40999984741211,34.849998474121094,5582900,35.0,34.630001068115234,31.452701568603516
01-06-2018,34.790000915527344,35.15999984741211,2911500,35.29999923706055,35.040000915527344,31.825075149536133
04-06-2018,35.119998931884766,35.189998626708984,1941800,35.5,35.45000076293945,32.19746398925781
05-06-2018,34.88999938964844,35.369998931884766,4116300,35.45000076293945,35.0,31.78874969482422
06-06-2018,34.9900016784668,35.099998474121094,4222100,35.58000183105469,35.58000183105469,32.3155403137207
07-06-2018,35.279998779296875,35.650001525878906,4058100,36.07500076293945,35.54999923706055,32.28828811645508
08-06-2018,35.189998626708984,35.540000915527344,4143000,35.56999969482422,35.45000076293945,32.19746398925781
11-06-2018,35.150001525878906,35.5099983215332,3265800,35.720001220703125,35.2599983215332,32.024898529052734
12-06-2018,35.09000015258789,35.45000076293945,2538800,35.560001373291016,35.29999923706055,32.06122589111328
13-06-2018,34.91999816894531,35.43000030517578,3281500,35.54999923706055,34.939998626708984,31.734249114990234
14-06-2018,34.904998779296875,35.060001373291016,3391200,35.380001068115234,35.2599983215332,32.024898529052734
15-06-2018,34.70000076293945,35.06999969482422,5265100,35.43000030517578,35.220001220703125,31.98857307434082
18-06-2018,34.81999969482422,35.0,4159100,35.15999984741211,35.0,31.78874969482422
19-06-2018,34.45500183105469,34.630001068115234,3130100,34.88999938964844,34.810001373291016,31.616186141967773
20-06-2018,34.47999954223633,35.029998779296875,3426700,35.040000915527344,34.5099983215332,31.343700408935547
21-06-2018,33.849998474121094,34.400001525878906,4518100,34.689998626708984,34.220001220703125,31.080318450927734
22-06-2018,34.06999969482422,34.540000915527344,6212000,34.595001220703125,34.130001068115234,30.99856948852539
25-06-2018,33.5,34.04999923706055,4580100,34.16999816894531,33.81999969482422,30.71701431274414
26-06-2018,33.369998931884766,33.83000183105469,4161200,33.90999984741211,33.470001220703125,30.39913558959961
27-06-2018,33.0,33.43000030517578,3674300,33.81999969482422,33.0,29.972253799438477
28-06-2018,32.54999923706055,32.970001220703125,4453600,33.150001525878906,33.0099983215332,29.981334686279297
29-06-2018,33.31999969482422,33.38999938964844,5812300,33.9900016784668,33.380001068115234,30.3173885345459
02-07-2018,33.11000061035156,33.11000061035156,4422100,33.84000015258789,33.84000015258789,30.73518180847168
03-07-2018,33.45000076293945,33.84000015258789,2785600,33.93000030517578,33.5,30.42637825012207
05-07-2018,33.529998779296875,33.77000045776367,5194500,33.90999984741211,33.599998474121094,30.517196655273438
06-07-2018,33.439998626708984,33.599998474121094,5520600,33.970001220703125,33.70000076293945,30.608022689819336
09-07-2018,33.880001068115234,33.900001525878906,3611200,34.90999984741211,34.86000061035156,31.661596298217773
10-07-2018,34.755001068115234,34.91999816894531,3255000,35.0099983215332,34.849998474121094,31.652509689331055
11-07-2018,34.63999938964844,34.66999816894531,3761300,35.005001068115234,34.79999923706055,31.60709571838379
12-07-2018,32.61000061035156,34.91999816894531,15117300,34.959999084472656,32.959999084472656,29.935924530029297
13-07-2018,32.11000061035156,32.79999923706055,9880000,32.90800094604492,32.439998626708984,29.4636287689209
16-07-2018,32.40999984741211,32.41999816894531,5489900,32.744998931884766,32.560001373291016,29.572620391845703
17-07-2018,32.58000183105469,32.68000030517578,4316600,33.02000045776367,32.81999969482422,29.808765411376953
18-07-2018,32.79999923706055,32.9900016784668,5236900,33.540000915527344,33.40999984741211,30.344627380371094
19-07-2018,32.959999084472656,33.189998626708984,5496400,33.744998931884766,33.2400016784668,30.190229415893555
20-07-2018,32.790000915527344,33.130001068115234,6293500,33.415000915527344,32.810001373291016,29.7996826171875
23-07-2018,32.95000076293945,32.970001220703125,4444100,33.540000915527344,33.5099983215332,30.435457229614258
24-07-2018,33.470001220703125,33.790000915527344,4282600,34.02000045776367,33.81999969482422,30.71701431274414
25-07-2018,33.08000183105469,33.880001068115234,5476800,33.880001068115234,33.439998626708984,30.371877670288086
26-07-2018,29.440000534057617,33.540000915527344,23930600,33.599998474121094,30.0,27.24750328063965
27-07-2018,29.329999923706055,30.56999969482422,15589200,30.709999084472656,29.920000076293945,27.17483901977539
30-07-2018,28.90999984741211,29.639999389648438,18396300,29.96500015258789,29.510000228881836,26.802457809448242
31-07-2018,28.639999389648438,29.68000030517578,11257600,29.760000228881836,28.940000534057617,26.284757614135742
01-08-2018,28.899999618530273,29.030000686645508,13528400,29.709999084472656,29.200000762939453,26.52090072631836
02-08-2018,28.989999771118164,29.059999465942383,9421300,29.729999542236328,29.690000534057617,26.9659423828125
03-08-2018,29.174999237060547,29.65999984741211,6015200,29.916000366210938,29.850000381469727,27.304391860961914
06-08-2018,29.549999237060547,29.860000610351562,5713300,30.18000030517578,29.649999618530273,27.12144660949707
07-08-2018,29.700000762939453,29.829999923706055,6388700,30.18000030517578,30.09000015258789,27.5239200592041
08-08-2018,29.959999084472656,30.079999923706055,5483000,30.309999465942383,30.049999237060547,27.487335205078125
09-08-2018,29.732999801635742,30.0,4756000,30.1299991607666,29.979999542236328,27.423303604125977
10-08-2018,29.375,29.649999618530273,5212900,29.760000228881836,29.40999984741211,26.901912689208984
13-08-2018,29.145000457763672,29.3799991607666,4758400,29.549999237060547,29.190000534057617,26.70067596435547
14-08-2018,29.469999313354492,29.8700008392334,7830900,30.030000686645508,30.010000228881836,27.450746536254883
15-08-2018,29.5,29.670000076293945,9945900,30.170000076293945,29.860000610351562,27.31353759765625
16-08-2018,29.84000015258789,29.84000015258789,6904000,30.530000686645508,30.43000030517578,27.834928512573242
17-08-2018,30.15999984741211,30.43000030517578,4815700,30.530000686645508,30.3700008392334,27.780046463012695
20-08-2018,30.350000381469727,30.389999389648438,6580700,31.225000381469727,31.06999969482422,28.42034912109375
21-08-2018,30.910999298095703,31.059999465942383,4878900,31.469999313354492,31.170000076293945,28.511817932128906
22-08-2018,31.079999923706055,31.110000610351562,6563700,31.81999969482422,31.700000762939453,28.99662208557129
23-08-2018,31.25,31.709999084472656,4084700,31.8700008392334,31.270000457763672,28.603296279907227
24-08-2018,31.209999084472656,31.299999237060547,2475900,31.459999084472656,31.360000610351562,28.685617446899414
27-08-2018,31.520000457763672,31.559999465942383,5081900,32.125,31.829999923706055,29.11553382873535
28-08-2018,31.709999084472656,31.799999237060547,2674900,32.09000015258789,31.81999969482422,29.106388092041016
29-08-2018,31.434999465942383,31.93000030517578,3369800,31.93000030517578,31.68000030517578,28.978330612182617
30-08-2018,31.530000686645508,31.610000610351562,2672600,31.829999923706055,31.610000610351562,28.914295196533203
31-08-2018,31.420000076293945,31.459999084472656,3605800,31.75,31.670000076293945,28.969179153442383
04-09-2018,31.510000228881836,31.59000015258789,5077500,31.915000915527344,31.8799991607666,29.161272048950195
05-09-2018,31.850000381469727,31.899999618530273,6134900,32.244998931884766,32.0099983215332,29.280181884765625
06-09-2018,31.56999969482422,31.8799991607666,4590400,32.154998779296875,31.799999237060547,29.08809471130371
07-09-2018,31.65999984741211,31.780000686645508,4745400,31.979999542236328,31.729999542236328,29.024065017700195
10-09-2018,31.729999542236328,31.729999542236328,4905100,32.70500183105469,32.18000030517578,29.435688018798828
11-09-2018,31.920000076293945,32.029998779296875,4370700,32.68000030517578,32.439998626708984,29.673511505126953
12-09-2018,32.16999816894531,32.400001525878906,3446700,32.540000915527344,32.290000915527344,29.53630828857422
13-09-2018,32.20000076293945,32.349998474121094,3420400,32.46500015258789,32.209999084472656,29.463130950927734
14-09-2018,32.189998626708984,32.29999923706055,3319800,32.709999084472656,32.59000015258789,29.810728073120117
17-09-2018,32.380001068115234,32.68000030517578,4169600,32.90399932861328,32.5,29.7283992767334
18-09-2018,32.470001220703125,32.599998474121094,4141700,33.029998779296875,32.97999954223633,30.167463302612305
19-09-2018,32.959999084472656,33.04999923706055,4294100,33.595001220703125,33.38999938964844,30.54250144958496
20-09-2018,33.439998626708984,33.54999923706055,4837100,33.779998779296875,33.599998474121094,30.734586715698242
21-09-2018,33.400001525878906,33.61000061035156,9928400,33.81999969482422,33.470001220703125,30.61568260192871
24-09-2018,32.8849983215332,33.41999816894531,3547600,33.52000045776367,33.040000915527344,30.22235107421875
25-09-2018,32.68000030517578,33.16999816894531,3546400,33.16999816894531,32.97999954223633,30.167463302612305
26-09-2018,31.844999313354492,32.56999969482422,4663100,32.77000045776367,31.90999984741211,29.188709259033203
27-09-2018,31.56999969482422,31.8799991607666,3876900,31.979999542236328,31.56999969482422,28.87770652770996
28-09-2018,30.950000762939453,31.43000030517578,4931200,31.4950008392334,31.079999923706055,28.429492950439453
01-10-2018,31.17099952697754,31.25,5078100,31.799999237060547,31.479999542236328,28.79538345336914
02-10-2018,31.059999465942383,31.3799991607666,4768400,31.6299991607666,31.34000015258789,28.66732406616211
03-10-2018,31.479999542236328,31.579999923706055,3856300,32.04999923706055,31.780000686645508,29.069799423217773
04-10-2018,31.290000915527344,31.809999465942383,3488500,31.940000534057617,31.5,28.813674926757812
05-10-2018,31.225000381469727,31.59000015258789,2606400,31.75,31.309999465942383,28.63988494873047
08-10-2018,30.950000762939453,31.110000610351562,4522100,31.565000534057617,31.329999923706055,28.65817642211914
09-10-2018,30.979999542236328,31.149999618530273,3740800,31.350000381469727,31.149999618530273,28.4935245513916
10-10-2018,30.510000228881836,31.280000686645508,5350500,31.55500030517578,30.520000457763672,27.917251586914062
11-10-2018,29.510000228881836,30.299999237060547,7268900,30.440000534057617,29.729999542236328,27.194623947143555
12-10-2018,29.275999069213867,29.959999084472656,5228400,30.290000915527344,29.84000015258789,27.295244216918945
15-10-2018,29.59000015258789,29.760000228881836,3478900,30.030000686645508,29.729999542236328,27.194623947143555
16-10-2018,29.559999465942383,29.90999984741211,2990200,30.219999313354492,30.190000534057617,27.615394592285156
17-10-2018,29.700000762939453,30.139999389648438,3659000,30.440000534057617,30.06999969482422,27.50562858581543
18-10-2018,29.44499969482422,30.040000915527344,5787400,30.135000228881836,29.639999389648438,27.112300872802734
19-10-2018,29.420000076293945,30.450000762939453,10238100,31.739999771118164,31.360000610351562,28.685617446899414
22-10-2018,29.40999984741211,31.510000228881836,8823500,31.56999969482422,29.469999313354492,26.956796646118164
23-10-2018,28.489999771118164,28.81999969482422,7275300,29.68000030517578,29.579999923706055,27.05741310119629
24-10-2018,28.5,29.649999618530273,6664700,29.979999542236328,28.559999465942383,26.124401092529297
25-10-2018,28.354999542236328,28.75,6267800,29.049999237060547,28.829999923706055,26.371374130249023
26-10-2018,27.709999084472656,28.5,7973900,28.56999969482422,27.979999542236328,25.59386444091797
29-10-2018,27.600000381469727,28.31999969482422,5437800,28.889999389648438,28.010000228881836,25.621307373046875
30-10-2018,28.09000015258789,28.229999542236328,5082000,28.770000457763672,28.739999771118164,26.289051055908203
31-10-2018,28.75,29.030000686645508,4850000,29.34000015258789,28.8799991607666,26.417110443115234
01-11-2018,28.90999984741211,29.079999923706055,4171400,29.479999542236328,29.440000534057617,26.92935562133789
02-11-2018,26.125,27.290000915527344,18857700,27.31999969482422,26.43000030517578,24.34973907470703
05-11-2018,26.43000030517578,26.5,5859200,27.010000228881836,26.719999313354492,24.616914749145508
06-11-2018,26.350000381469727,26.670000076293945,8879100,27.020000457763672,26.8700008392334,24.75510597229004
07-11-2018,26.639999389648438,26.979999542236328,7951600,27.3799991607666,27.350000381469727,25.19732666015625
08-11-2018,27.194000244140625,27.270000457763672,5427000,27.575000762939453,27.479999542236328,25.317094802856445
09-11-2018,27.25,27.31999969482422,5696400,27.979999542236328,27.6200008392334,25.446077346801758
12-11-2018,27.139999389648438,27.59000015258789,3471100,27.780000686645508,27.209999084472656,25.068344116210938
13-11-2018,27.209999084472656,27.209999084472656,5121000,27.989999771118164,27.649999618530273,25.473712921142578
14-11-2018,26.674999237060547,27.850000381469727,5806300,27.93000030517578,26.920000076293945,24.801170349121094
15-11-2018,25.93000030517578,26.645000457763672,9776700,26.649999618530273,26.510000228881836,24.42344093322754
16-11-2018,25.440000534057617,26.350000381469727,9307200,26.389999389648438,25.90999984741211,23.870664596557617
19-11-2018,25.200000762939453,25.940000534057617,6260500,26.09000015258789,25.530000686645508,23.520578384399414
20-11-2018,25.059999465942383,25.290000915527344,5961500,25.81999969482422,25.31999969482422,23.327104568481445
21-11-2018,25.329999923706055,25.399999618530273,4226000,26.059999465942383,25.65999984741211,23.64034080505371
23-11-2018,25.360000610351562,25.530000686645508,2146000,25.829999923706055,25.559999465942383,23.5482120513916
26-11-2018,25.809999465942383,25.920000076293945,5728500,26.149999618530273,25.950000762939453,23.907516479492188
27-11-2018,25.719999313354492,25.760000228881836,5870600,26.1299991607666,26.079999923706055,24.027286529541016
28-11-2018,25.94499969482422,26.059999465942383,4510200,26.459999084472656,26.420000076293945,24.340526580810547
29-11-2018,25.950000762939453,26.229999542236328,4391400,26.40399932861328,25.969999313354492,23.925941467285156
30-11-2018,25.725000381469727,26.0,5840700,26.040000915527344,25.979999542236328,23.935155868530273
03-12-2018,25.690000534057617,26.229999542236328,5591100,26.415000915527344,25.809999465942383,23.778535842895508
04-12-2018,24.690000534057617,25.65999984741211,9313300,25.850000381469727,24.899999618530273,22.940162658691406
06-12-2018,24.510000228881836,24.530000686645508,8381500,25.15999984741211,25.139999389648438,23.161272048950195
07-12-2018,25.209999084472656,25.31999969482422,9078500,25.93000030517578,25.360000610351562,23.36395835876465
10-12-2018,24.299999237060547,25.299999237060547,9531100,25.40999984741211,24.959999084472656,22.995437622070312
11-12-2018,24.18000030517578,25.309999465942383,6769300,25.5,24.399999618530273,22.479516983032227
12-12-2018,24.469999313354492,24.68000030517578,7580600,25.06999969482422,24.549999237060547,22.61771011352539
13-12-2018,24.06999969482422,24.6200008392334,8418000,24.729999542236328,24.18000030517578,22.276830673217773
14-12-2018,23.809999465942383,23.93000030517578,9651300,24.670000076293945,24.100000381469727,22.203128814697266
17-12-2018,23.360000610351562,24.0,10344500,24.145999908447266,23.489999771118164,21.64113998413086
18-12-2018,23.31999969482422,23.639999389648438,10224900,23.950000762939453,23.530000686645508,21.67799186706543
19-12-2018,23.049999237060547,23.5,7631800,24.049999237060547,23.200000762939453,21.37397003173828
20-12-2018,22.69499969482422,22.969999313354492,7602600,23.545000076293945,22.989999771118164,21.180496215820312
21-12-2018,22.31999969482422,23.0,12513100,23.389999389648438,22.5,20.72906494140625
24-12-2018,21.985000610351562,22.329999923706055,4457600,22.940000534057617,22.170000076293945,20.425037384033203
26-12-2018,21.774999618530273,22.15999984741211,5392900,23.15999984741211,23.139999389648438,21.318689346313477
27-12-2018,22.559999465942383,22.799999237060547,6030100,23.440000534057617,23.420000076293945,21.576648712158203
28-12-2018,23.149999618530273,23.540000915527344,5934400,23.809999465942383,23.5,21.650354385375977
31-12-2018,22.950000762939453,23.520000457763672,7749800,23.670000076293945,23.459999084472656,21.61350440979004
02-01-2019,23.1200008392334,23.149999618530273,8662500,24.270000457763672,24.270000457763672,22.3597469329834
03-01-2019,23.899999618530273,24.450000762939453,6948300,24.530000686645508,24.09000015258789,22.19391441345215
04-01-2019,24.493000030517578,24.549999237060547,8027600,25.344999313354492,25.239999771118164,23.253398895263672
07-01-2019,24.920000076293945,25.15999984741211,3993800,25.59000015258789,25.3700008392334,23.3731689453125
08-01-2019,25.0049991607666,25.510000228881836,4347100,25.600000381469727,25.420000076293945,23.419233322143555
09-01-2019,25.385000228881836,25.530000686645508,5126800,26.010000228881836,25.989999771118164,23.94437026977539
10-01-2019,25.360000610351562,25.889999389648438,4892800,25.905000686645508,25.75,23.723262786865234
11-01-2019,25.479999542236328,25.56999969482422,5670800,26.149999618530273,26.020000457763672,23.972007751464844
14-01-2019,25.549999237060547,25.790000915527344,6465900,25.94499969482422,25.850000381469727,23.815391540527344
15-01-2019,25.450000762939453,25.809999465942383,4442000,25.84000015258789,25.770000457763672,23.741687774658203
16-01-2019,25.760000228881836,25.760000228881836,4933100,26.600000381469727,26.3799991607666,24.303674697875977
17-01-2019,26.040000915527344,26.219999313354492,3153800,26.5,26.350000381469727,24.27603530883789
18-01-2019,26.030000686645508,26.40999984741211,6534200,26.579999923706055,26.280000686645508,24.211544036865234
22-01-2019,26.299999237060547,26.5,12985300,26.739999771118164,26.549999237060547,24.460289001464844
23-01-2019,28.684999465942383,29.959999084472656,40739400,30.0,29.399999618530273,27.085975646972656
24-01-2019,29.399999618530273,29.729999542236328,23959400,30.43000030517578,29.809999465942383,27.463703155517578
25-01-2019,29.780000686645508,29.979999542236328,11871200,30.329999923706055,29.790000915527344,27.44527816772461
28-01-2019,29.549999237060547,29.610000610351562,11749700,30.31999969482422,29.979999542236328,27.620323181152344
29-01-2019,29.559999465942383,30.010000228881836,9459100,30.229999542236328,29.649999618530273,27.31629753112793
30-01-2019,29.764999389648438,29.979999542236328,7011300,30.219999313354492,30.06999969482422,27.70323944091797
31-01-2019,29.860000610351562,29.920000076293945,8351900,30.219999313354492,30.040000915527344,27.675601959228516
01-02-2019,29.610000610351562,29.84000015258789,6321100,30.049999237060547,29.690000534057617,27.54570960998535
04-02-2019,29.190000534057617,29.700000762939453,6806700,29.809999465942383,29.719999313354492,27.57354164123535
05-02-2019,29.610000610351562,29.75,8605900,30.09000015258789,29.989999771118164,27.824047088623047
06-02-2019,29.739999771118164,29.979999542236328,6816900,30.264999389648438,30.110000610351562,27.935375213623047
07-02-2019,29.799999237060547,30.079999923706055,7865400,30.264999389648438,30.110000610351562,27.935375213623047
08-02-2019,29.764999389648438,29.920000076293945,6207400,30.229999542236328,29.940000534057617,27.777650833129883
11-02-2019,30.0,30.0,7950900,30.389999389648438,30.3700008392334,28.176603317260742
12-02-2019,30.420000076293945,30.540000915527344,7257000,30.989999771118164,30.440000534057617,28.241544723510742
13-02-2019,30.540000915527344,30.540000915527344,3913100,30.969999313354492,30.770000457763672,28.547712326049805
14-02-2019,30.75,30.959999084472656,7723500,31.18000030517578,30.829999923706055,28.603376388549805
15-02-2019,31.110000610351562,31.110000610351562,7141800,31.84000015258789,31.75,29.456932067871094
19-02-2019,31.549999237060547,31.68000030517578,4788100,31.850000381469727,31.760000228881836,29.466211318969727
20-02-2019,31.75,31.770000457763672,7874600,32.05500030517578,31.790000915527344,29.494043350219727
21-02-2019,31.645000457763672,31.850000381469727,5340000,31.989999771118164,31.780000686645508,29.48476791381836
22-02-2019,31.81999969482422,31.860000610351562,6073900,32.16699981689453,31.8799991607666,29.577545166015625
25-02-2019,31.81999969482422,32.119998931884766,8686400,32.30500030517578,31.829999923706055,29.53115463256836
26-02-2019,31.639999389648438,31.709999084472656,9412600,32.150001525878906,32.0099983215332,29.698152542114258
27-02-2019,31.889999389648438,32.0,10472900,32.207000732421875,32.02000045776367,29.707433700561523
28-02-2019,31.959999084472656,32.060001373291016,12213500,32.650001525878906,32.61000061035156,30.254819869995117
01-03-2019,32.38999938964844,32.79999923706055,5769500,33.244998931884766,32.459999084472656,30.115657806396484
04-03-2019,32.15999984741211,32.52000045776367,4257800,32.689998626708984,32.459999084472656,30.115657806396484
05-03-2019,31.940000534057617,32.34000015258789,8446700,32.47999954223633,32.220001220703125,29.892990112304688
06-03-2019,31.8799991607666,32.29999923706055,4948200,32.40999984741211,31.889999389648438,29.586822509765625
07-03-2019,31.389999389648438,31.860000610351562,7009700,31.920000076293945,31.5,29.224987030029297
08-03-2019,31.084999084472656,31.200000762939453,5588200,31.579999923706055,31.540000915527344,29.262102127075195
11-03-2019,31.68000030517578,31.75,7351700,32.06999969482422,32.02000045776367,29.707433700561523
12-03-2019,31.93000030517578,32.09000015258789,5395000,32.27000045776367,32.209999084472656,29.883710861206055
13-03-2019,32.400001525878906,32.54999923706055,7867800,33.060001373291016,32.91999816894531,30.54243278503418
14-03-2019,32.7400016784668,32.900001525878906,7339100,33.1870002746582,32.84000015258789,30.468210220336914
15-03-2019,32.7599983215332,32.849998474121094,13405300,33.31999969482422,33.310001373291016,30.90427017211914
18-03-2019,33.189998626708984,33.34000015258789,4803100,33.55500030517578,33.2400016784668,30.83932113647461
19-03-2019,33.0,33.45000076293945,5700800,33.560001373291016,33.08000183105469,30.69088363647461
20-03-2019,32.380001068115234,32.959999084472656,5243500,33.0,32.45000076293945,30.10637664794922
21-03-2019,32.220001220703125,32.310001373291016,4922700,33.150001525878906,32.90999984741211,30.533151626586914
22-03-2019,31.649999618530273,32.540000915527344,6752100,32.68000030517578,31.829999923706055,29.53115463256836
25-03-2019,31.1200008392334,31.790000915527344,8774300,32.08000183105469,31.389999389648438,29.12293243408203
26-03-2019,31.34000015258789,31.6200008392334,5009600,31.8700008392334,31.770000457763672,29.47549057006836
27-03-2019,31.469999313354492,31.780000686645508,4887300,31.969999313354492,31.6299991607666,29.345598220825195
28-03-2019,31.6200008392334,31.6200008392334,3505200,32.040000915527344,31.829999923706055,29.53115463256836
29-03-2019,31.78499984741211,32.029998779296875,4448100,32.220001220703125,31.899999618530273,29.596097946166992
01-04-2019,32.06999969482422,32.09000015258789,4426100,32.72999954223633,32.58000183105469,30.22698974609375
02-04-2019,32.349998474121094,32.58000183105469,5471500,32.64500045776367,32.41999816894531,30.07854461669922
03-04-2019,32.2400016784668,32.5,6701600,32.70000076293945,32.349998474121094,30.013593673706055
04-04-2019,32.380001068115234,32.47999954223633,2838800,32.79999923706055,32.5,30.152767181396484
05-04-2019,32.275001525878906,32.45000076293945,3704100,32.720001220703125,32.310001373291016,29.97648811340332
08-04-2019,32.185001373291016,32.349998474121094,2935300,32.54499816894531,32.540000915527344,30.189878463745117
09-04-2019,32.15999984741211,32.470001220703125,4668600,32.470001220703125,32.27000045776367,29.939376831054688
10-04-2019,32.27000045776367,32.27000045776367,3026700,32.630001068115234,32.54999923706055,30.199153900146484
11-04-2019,32.52000045776367,32.68000030517578,3493700,33.14500045776367,32.619998931884766,30.26409912109375
12-04-2019,32.75,32.95000076293945,69332000,33.25,33.0,30.61665916442871
15-04-2019,32.650001525878906,33.09000015258789,3398200,33.369998931884766,32.95000076293945,30.570266723632812
16-04-2019,32.77000045776367,33.09000015258789,3230600,33.2400016784668,33.15999984741211,30.765100479125977
17-04-2019,33.064998626708984,33.290000915527344,4607100,33.41999816894531,33.2400016784668,30.83932113647461
18-04-2019,32.209999084472656,33.790000915527344,6769700,33.790000915527344,33.34000015258789,30.932100296020508
22-04-2019,32.90800094604492,33.130001068115234,3998600,33.61000061035156,33.54999923706055,31.126934051513672
23-04-2019,33.224998474121094,33.5099983215332,4474400,33.59000015258789,33.459999084472656,31.043434143066406
24-04-2019,33.2400016784668,33.36000061035156,5069600,33.654998779296875,33.529998779296875,31.108375549316406
25-04-2019,33.279998779296875,33.40999984741211,3943300,33.84000015258789,33.5,31.080547332763672
26-04-2019,33.459999084472656,33.47999954223633,5281700,34.400001525878906,34.400001525878906,31.91554832458496
29-04-2019,34.290000915527344,34.43000030517578,3205900,34.720001220703125,34.40999984741211,31.92482566833496
30-04-2019,34.22999954223633,34.529998779296875,4130500,34.75,34.66999816894531,32.16604232788086
01-05-2019,34.10499954223633,34.7400016784668,3950900,34.869998931884766,34.15999984741211,31.6928768157959
02-05-2019,34.09000015258789,34.2400016784668,3320500,34.55500030517578,34.150001525878906,31.6835994720459
03-05-2019,34.029998779296875,34.130001068115234,2621300,34.439998626708984,34.34000015258789,32.0570068359375
06-05-2019,33.63999938964844,33.689998626708984,2441500,34.369998931884766,34.290000915527344,32.01033401489258
07-05-2019,33.709999084472656,33.880001068115234,3253900,34.220001220703125,34.0,31.739608764648438
08-05-2019,33.65999984741211,33.849998474121094,3255400,34.099998474121094,33.81999969482422,31.57157325744629
09-05-2019,33.55500030517578,33.61000061035156,6861300,34.45000076293945,34.400001525878906,32.1130256652832
10-05-2019,34.290000915527344,34.349998474121094,6703800,35.0099983215332,35.0099983215332,32.68246078491211
13-05-2019,33.91999816894531,34.43000030517578,6193900,34.59000015258789,33.9900016784668,31.730274200439453
14-05-2019,34.02000045776367,34.029998779296875,5217400,35.09000015258789,34.77000045776367,32.45841979980469
15-05-2019,34.279998779296875,34.41999816894531,5080200,35.04999923706055,34.86000061035156,32.54243469238281
16-05-2019,34.86000061035156,34.86000061035156,5038100,35.290000915527344,35.2400016784668,32.89717483520508
17-05-2019,34.810001373291016,34.83000183105469,3969700,35.2400016784668,34.90999984741211,32.589111328125
20-05-2019,34.81999969482422,34.88999938964844,4498800,35.25,35.0,32.67312240600586
21-05-2019,35.150001525878906,35.2400016784668,7097800,35.5,35.150001525878906,32.81315231323242
22-05-2019,35.029998779296875,35.189998626708984,4239000,35.41999816894531,35.2400016784668,32.89717483520508
23-05-2019,34.5,34.970001220703125,3951200,35.08000183105469,34.75,32.43974685668945
24-05-2019,34.61000061035156,34.959999084472656,3111100,35.029998779296875,34.810001373291016,32.49576187133789
28-05-2019,34.439998626708984,34.54999923706055,4485300,35.279998779296875,34.599998474121094,32.299713134765625
29-05-2019,34.060001373291016,34.47999954223633,6789900,34.494998931884766,34.369998931884766,32.08500671386719
30-05-2019,34.05500030517578,34.40999984741211,7363900,34.65999984741211,34.22999954223633,31.95431900024414
31-05-2019,33.56999969482422,34.040000915527344,5320700,34.11000061035156,33.630001068115234,31.39420509338379
03-06-2019,32.92499923706055,33.599998474121094,14862700,33.93000030517578,33.29999923706055,31.08614730834961
04-06-2019,33.4900016784668,33.650001525878906,11834100,33.959999084472656,33.939998626708984,31.683595657348633
05-06-2019,33.59000015258789,34.13999938964844,9162400,34.459999084472656,34.06999969482422,31.804964065551758
06-06-2019,33.68000030517578,34.2400016784668,8399200,34.380001068115234,34.33000183105469,32.047672271728516
07-06-2019,33.630001068115234,34.36000061035156,7046100,34.36000061035156,33.779998779296875,31.534229278564453
10-06-2019,33.31999969482422,34.189998626708984,10963200,34.369998931884766,33.31999969482422,31.104816436767578
11-06-2019,33.500999450683594,33.54999923706055,8644500,34.45500183105469,34.04999923706055,31.786283493041992
12-06-2019,33.69499969482422,34.0099983215332,4832800,34.15999984741211,33.790000915527344,31.543569564819336
13-06-2019,33.82500076293945,33.880001068115234,3888200,34.209999084472656,33.97999954223633,31.720945358276367
14-06-2019,33.4900016784668,34.0,3808200,34.084999084472656,33.95000076293945,31.69293785095215
17-06-2019,33.91999816894531,34.0099983215332,3945600,34.33000183105469,34.0099983215332,31.748943328857422
18-06-2019,33.86000061035156,33.959999084472656,4251400,34.779998779296875,34.439998626708984,32.15035629272461
19-06-2019,33.63999938964844,34.38999938964844,5514200,34.494998931884766,33.84000015258789,31.59025001525879
20-06-2019,33.84000015258789,34.119998931884766,4081500,34.29999923706055,34.2400016784668,31.96365737915039
21-06-2019,33.939998626708984,34.15999984741211,7269000,34.459999084472656,34.310001373291016,32.02900695800781
24-06-2019,33.91999816894531,34.34000015258789,4470800,34.599998474121094,33.9900016784668,31.730274200439453
25-06-2019,33.79999923706055,33.91999816894531,3582100,34.13999938964844,33.900001525878906,31.64626121520996
26-06-2019,33.935001373291016,33.939998626708984,4790900,34.38999938964844,34.22999954223633,31.95431900024414
27-06-2019,34.1349983215332,34.220001220703125,5981200,34.4900016784668,34.290000915527344,32.01033401489258
28-06-2019,34.220001220703125,34.5,7422800,34.70000076293945,34.66999816894531,32.36506271362305
01-07-2019,34.77000045776367,34.939998626708984,6525300,35.2599983215332,35.06999969482422,32.73847198486328
02-07-2019,35.04999923706055,35.099998474121094,4195400,35.529998779296875,35.189998626708984,32.85049057006836
03-07-2019,35.04999923706055,35.33000183105469,2642300,35.6150016784668,35.529998779296875,33.16789245605469
05-07-2019,35.404998779296875,35.619998931884766,5178300,35.72999954223633,35.61000061035156,33.24258041381836
08-07-2019,35.38999938964844,35.38999938964844,5509500,35.76499938964844,35.70000076293945,33.326595306396484
09-07-2019,35.400001525878906,35.459999084472656,4049400,35.84000015258789,35.7599983215332,33.382598876953125
10-07-2019,35.4900016784668,35.790000915527344,3319700,36.119998931884766,35.52000045776367,33.158546447753906
11-07-2019,35.27000045776367,35.630001068115234,3787200,35.689998626708984,35.63999938964844,33.27057647705078
12-07-2019,35.48500061035156,35.720001220703125,4544900,36.02000045776367,35.959999084472656,33.569305419921875
15-07-2019,35.58000183105469,35.959999084472656,3460900,35.959999084472656,35.84000015258789,33.45728302001953
16-07-2019,35.810001373291016,35.93000030517578,3357700,36.244998931884766,36.029998779296875,33.63465118408203
17-07-2019,35.540000915527344,36.02000045776367,3354300,36.040000915527344,35.540000915527344,33.17723083496094
18-07-2019,35.34000015258789,35.47999954223633,5664800,36.209999084472656,36.09000015258789,33.6906623840332
19-07-2019,34.9900016784668,36.060001373291016,6922900,36.060001373291016,35.04999923706055,32.71980667114258
22-07-2019,35.099998474121094,35.189998626708984,5337800,35.63999938964844,35.34000015258789,32.99052810668945
23-07-2019,35.38999938964844,35.41999816894531,4482500,36.17499923706055,36.08000183105469,33.681331634521484
24-07-2019,35.88999938964844,35.88999938964844,4740500,36.625,36.59000015258789,34.15742111206055
25-07-2019,36.38999938964844,36.689998626708984,3524200,36.867000579833984,36.5099983215332,34.08273696899414
26-07-2019,36.279998779296875,36.5,2924400,36.790000915527344,36.599998474121094,34.1667594909668
29-07-2019,36.334999084472656,36.529998779296875,1942900,36.709999084472656,36.349998474121094,33.93337631225586
30-07-2019,35.970001220703125,36.099998474121094,2344000,36.2400016784668,36.189998626708984,33.78401565551758
31-07-2019,35.75,36.15999984741211,5084300,36.27000045776367,35.880001068115234,33.494625091552734
01-08-2019,35.43000030517578,35.91999816894531,4499500,36.474998474121094,35.52000045776367,33.158546447753906
02-08-2019,34.650001525878906,35.2400016784668,3508600,35.439998626708984,35.060001373291016,32.93311309814453
05-08-2019,33.63999938964844,34.470001220703125,5601700,34.630001068115234,33.7400016784668,31.69319725036621
06-08-2019,33.744998931884766,34.0,4875400,34.34000015258789,34.27000045776367,32.1910400390625
07-08-2019,32.85900115966797,33.709999084472656,5200900,34.54499816894531,34.40999984741211,32.32255172729492
08-08-2019,34.59000015258789,34.70000076293945,3894200,35.310001373291016,35.0099983215332,32.88615036010742
09-08-2019,34.779998779296875,34.86000061035156,3700800,35.4900016784668,35.2599983215332,33.1209831237793
12-08-2019,33.869998931884766,34.86000061035156,4910600,34.97999954223633,33.900001525878906,31.843488693237305
13-08-2019,33.81999969482422,34.060001373291016,4745300,34.95000076293945,34.68000030517578,32.576168060302734
14-08-2019,32.7400016784668,34.119998931884766,6532300,34.27000045776367,32.84000015258789,30.84779167175293
15-08-2019,32.45000076293945,32.849998474121094,6286000,33.26499938964844,32.7599983215332,30.772642135620117
16-08-2019,32.935001373291016,33.09000015258789,4844700,33.45000076293945,33.43000030517578,31.40200424194336
19-08-2019,33.439998626708984,33.79999923706055,6333200,33.97999954223633,33.459999084472656,31.430177688598633
20-08-2019,32.91999816894531,33.38999938964844,3624100,33.6349983215332,32.939998626708984,30.941720962524414
21-08-2019,32.959999084472656,33.27000045776367,2847200,33.56999969482422,33.040000915527344,31.035654067993164
22-08-2019,32.77000045776367,33.130001068115234,3251000,33.279998779296875,32.880001068115234,30.885366439819336
23-08-2019,31.389999389648438,32.61000061035156,5026200,32.900001525878906,31.549999237060547,29.636045455932617
26-08-2019,31.474000930786133,31.899999618530273,4920900,31.98900032043457,31.829999923706055,29.89906120300293
27-08-2019,31.260000228881836,31.8700008392334,4925800,32.04999923706055,31.389999389648438,29.485754013061523
28-08-2019,31.209999084472656,31.25,5017500,31.979999542236328,31.969999313354492,30.030569076538086
29-08-2019,32.130001068115234,32.31999969482422,3303700,32.599998474121094,32.2599983215332,30.302974700927734
30-08-2019,31.78499984741211,32.5099983215332,3524600,32.529998779296875,32.04999923706055,30.105714797973633
03-09-2019,31.481000900268555,31.760000228881836,5500000,31.989999771118164,31.739999771118164,29.81451988220215
04-09-2019,32.040000915527344,32.13999938964844,5271100,32.35499954223633,32.29999923706055,30.34054946899414
05-09-2019,32.599998474121094,32.630001068115234,4186900,33.709999084472656,33.279998779296875,31.261098861694336
06-09-2019,32.849998474121094,33.34000015258789,2807000,33.349998474121094,32.880001068115234,30.885366439819336
09-09-2019,33.189998626708984,33.209999084472656,5614900,34.20500183105469,33.709999084472656,31.665016174316406
10-09-2019,33.310001373291016,33.68000030517578,3629800,33.90999984741211,33.79999923706055,31.749553680419922
11-09-2019,33.400001525878906,33.939998626708984,3224600,33.970001220703125,33.93000030517578,31.87166976928711
12-09-2019,33.40999984741211,33.88999938964844,4742800,34.13999938964844,33.849998474121094,31.796520233154297
13-09-2019,33.83000183105469,34.13999938964844,3674500,34.29999923706055,34.18000030517578,32.10649490356445
16-09-2019,33.4900016784668,33.86000061035156,2403800,33.97999954223633,33.88999938964844,31.834096908569336
17-09-2019,33.45000076293945,33.869998931884766,2625100,34.029998779296875,33.959999084472656,31.899845123291016
18-09-2019,33.619998931884766,33.84000015258789,2972000,34.20000076293945,34.08000183105469,32.0125732421875
19-09-2019,33.939998626708984,34.060001373291016,3365300,34.505001068115234,34.040000915527344,31.974994659423828
20-09-2019,33.810001373291016,34.060001373291016,8239000,34.34000015258789,33.86000061035156,31.8059139251709
23-09-2019,33.41999816894531,33.58000183105469,3913900,34.2599983215332,34.119998931884766,32.050132751464844
24-09-2019,33.4900016784668,34.27000045776367,5327700,34.380001068115234,33.66999816894531,31.627437591552734
25-09-2019,33.31999969482422,33.61000061035156,3496400,33.90999984741211,33.849998474121094,31.796520233154297
26-09-2019,33.529998779296875,33.529998779296875,3325100,33.959999084472656,33.65999984741211,31.618045806884766
27-09-2019,33.334999084472656,33.91999816894531,4011100,34.029998779296875,33.619998931884766,31.580467224121094
30-09-2019,33.69499969482422,33.709999084472656,4189900,34.22999954223633,34.09000015258789,32.02196502685547
01-10-2019,33.14500045776367,34.31999969482422,5166400,34.439998626708984,33.150001525878906,31.138986587524414
02-10-2019,32.13999938964844,32.970001220703125,5134000,33.029998779296875,32.16999816894531,30.218435287475586
03-10-2019,31.559999465942383,32.029998779296875,4611400,32.310001373291016,32.25,30.2935848236084
04-10-2019,32.20000076293945,32.290000915527344,3217600,32.654998779296875,32.63999938964844,30.659923553466797
07-10-2019,32.27000045776367,32.70800018310547,3308900,32.85499954223633,32.41999816894531,30.453269958496094
08-10-2019,31.399999618530273,32.0099983215332,4842200,32.04499816894531,31.399999618530273,29.495147705078125
09-10-2019,31.59000015258789,31.68000030517578,4364100,32.279998779296875,32.150001525878906,30.19965171813965
10-10-2019,32.119998931884766,32.220001220703125,4486400,32.93000030517578,32.4900016784668,30.51902198791504
11-10-2019,32.97200012207031,32.97999954223633,5135100,33.619998931884766,33.040000915527344,31.035654067993164
14-10-2019,32.84000015258789,32.91999816894531,2806800,33.33000183105469,33.119998931884766,31.110803604125977
15-10-2019,33.10499954223633,33.22999954223633,5131100,33.900001525878906,33.689998626708984,31.646228790283203
16-10-2019,33.404998779296875,33.709999084472656,4966600,33.97999954223633,33.4900016784668,31.45836067199707
17-10-2019,33.58000183105469,33.599998474121094,6175900,34.185001373291016,33.97999954223633,31.91863441467285
18-10-2019,33.900001525878906,34.70000076293945,7087500,34.939998626708984,34.290000915527344,32.20983123779297
21-10-2019,34.560001373291016,34.65999984741211,6174700,35.119998931884766,35.060001373291016,32.93311309814453
22-10-2019,34.790000915527344,35.09000015258789,4263800,35.2400016784668,34.970001220703125,32.84858322143555
23-10-2019,34.67499923706055,34.88999938964844,5269000,35.27000045776367,35.09000015258789,32.96129608154297
24-10-2019,34.650001525878906,35.06999969482422,4952000,35.15999984741211,35.0099983215332,32.88615036010742
25-10-2019,34.81999969482422,35.0,4640800,35.40999984741211,35.290000915527344,33.14916229248047
28-10-2019,35.45000076293945,35.5,5394300,35.97999954223633,35.68000030517578,33.5155029296875
29-10-2019,35.61000061035156,35.61000061035156,4978100,36.02000045776367,35.790000915527344,33.61883544921875
30-10-2019,35.38999938964844,35.79999923706055,3832600,35.849998474121094,35.59000015258789,33.430965423583984
31-10-2019,35.0,35.45000076293945,5056900,35.65999984741211,35.369998931884766,33.22431182861328
01-11-2019,35.375,35.470001220703125,3411100,35.81999969482422,35.7400016784668,33.78199005126953
04-11-2019,35.88999938964844,36.0,4137900,36.22999954223633,36.20000076293945,34.21678924560547
05-11-2019,36.150001525878906,36.25,7218100,36.540000915527344,36.279998779296875,34.29240798950195
06-11-2019,36.23500061035156,36.34000015258789,4942600,36.856998443603516,36.81999969482422,34.80282211303711
07-11-2019,36.90999984741211,37.040000915527344,4834700,37.32500076293945,36.959999084472656,34.935150146484375
08-11-2019,36.40999984741211,36.900001525878906,4013100,36.97999954223633,36.939998626708984,34.9162483215332
11-11-2019,36.619998931884766,36.709999084472656,3094900,37.04999923706055,36.88999938964844,34.868988037109375
12-11-2019,36.650001525878906,36.83000183105469,3653700,36.97999954223633,36.88999938964844,34.868988037109375
13-11-2019,36.47999954223633,36.560001373291016,2813800,36.90999984741211,36.560001373291016,34.55706787109375
14-11-2019,36.349998474121094,36.36000061035156,3107100,36.875,36.72999954223633,34.71775436401367
15-11-2019,36.91999816894531,37.0,4583800,37.2400016784668,37.04999923706055,35.02021789550781
18-11-2019,36.689998626708984,36.91999816894531,4410500,37.138999938964844,37.11000061035156,35.07693099975586
19-11-2019,36.83000183105469,37.189998626708984,3271400,37.2400016784668,36.91999816894531,34.897342681884766
20-11-2019,36.45500183105469,36.7400016784668,3894200,36.93000030517578,36.560001373291016,34.55706787109375
21-11-2019,36.321998596191406,36.61000061035156,3304300,36.880001068115234,36.77000045776367,34.75556182861328
22-11-2019,36.68000030517578,36.869998931884766,3071900,37.1150016784668,36.900001525878906,34.87843704223633
25-11-2019,36.91999816894531,36.9900016784668,5636800,37.41999816894531,37.33000183105469,35.28488540649414
26-11-2019,37.02000045776367,37.33000183105469,4906700,37.59000015258789,37.38999938964844,35.34159469604492
27-11-2019,37.119998931884766,37.380001068115234,3056300,37.47999954223633,37.380001068115234,35.33214569091797
29-11-2019,37.27000045776367,37.33000183105469,1592300,37.57500076293945,37.40999984741211,35.36050033569336
02-12-2019,37.09000015258789,37.599998474121094,4065900,37.599998474121094,37.13999938964844,35.10528564453125
03-12-2019,36.15999984741211,36.7400016784668,4854200,36.90999984741211,36.81999969482422,34.80282211303711
04-12-2019,36.83000183105469,36.83000183105469,6140500,37.625,37.47999954223633,35.42666244506836
05-12-2019,37.150001525878906,37.2599983215332,4815300,37.61000061035156,37.4900016784668,35.43611145019531
06-12-2019,37.7400016784668,37.91999816894531,4408300,38.06999969482422,37.7599983215332,35.69131851196289
09-12-2019,37.54999923706055,37.7599983215332,4228300,37.84000015258789,37.560001373291016,35.502288818359375
10-12-2019,37.31999969482422,37.45000076293945,4447900,37.63999938964844,37.41999816894531,35.36994934082031
11-12-2019,37.005001068115234,37.349998474121094,4402100,37.540000915527344,37.13999938964844,35.10528564453125
12-12-2019,36.91999816894531,37.0,5341900,37.810001373291016,37.689998626708984,35.625152587890625
13-12-2019,37.41999816894531,37.61000061035156,4466700,38.18000030517578,37.689998626708984,35.625152587890625
16-12-2019,37.16999816894531,37.900001525878906,6458100,38.11000061035156,37.18000030517578,35.14310073852539
17-12-2019,36.86000061035156,37.27000045776367,8197900,37.275001525878906,36.90999984741211,34.88788986206055
18-12-2019,36.720001220703125,37.0,6621600,37.06999969482422,36.790000915527344,34.77446365356445
19-12-2019,36.25,36.810001373291016,6519800,36.869998931884766,36.439998626708984,34.44363784790039
20-12-2019,36.51499938964844,36.61000061035156,14461600,37.0099983215332,36.7400016784668,34.72720718383789
23-12-2019,36.255001068115234,36.77000045776367,3005200,36.779998779296875,36.33000183105469,34.33966827392578
24-12-2019,36.27000045776367,36.33000183105469,1135000,36.45000076293945,36.31999969482422,34.33021545410156
26-12-2019,36.185001373291016,36.400001525878906,2651500,36.4900016784668,36.2599983215332,34.27349853515625
27-12-2019,36.23500061035156,36.310001373291016,2932200,36.45000076293945,36.290000915527344,34.30186080932617
30-12-2019,36.005001068115234,36.41999816894531,2568100,36.42499923706055,36.04999923706055,34.07500457763672
31-12-2019,35.869998931884766,36.02000045776367,2657700,36.220001220703125,36.0099983215332,34.037193298339844
02-01-2020,36.029998779296875,36.13999938964844,3568100,36.2400016784668,36.209999084472656,34.22623825073242
03-01-2020,35.54999923706055,35.66999816894531,3993900,35.974998474121094,35.689998626708984,33.73472213745117
06-01-2020,35.209999084472656,35.34000015258789,5145900,35.68000030517578,35.68000030517578,33.72527313232422
07-01-2020,35.15999984741211,35.5099983215332,3113300,35.584999084472656,35.18000030517578,33.25267028808594
08-01-2020,35.20000076293945,35.220001220703125,4736700,35.654998779296875,35.45000076293945,33.507877349853516
09-01-2020,35.310001373291016,35.650001525878906,3946000,35.849998474121094,35.43000030517578,33.48897171020508
10-01-2020,35.209999084472656,35.41999816894531,4881700,35.68000030517578,35.470001220703125,33.52677917480469
13-01-2020,35.189998626708984,35.529998779296875,3902800,35.57500076293945,35.40999984741211,33.470062255859375
14-01-2020,35.310001373291016,35.369998931884766,7005100,35.685001373291016,35.400001525878906,33.46061325073242
15-01-2020,35.04999923706055,35.27000045776367,5256400,35.45000076293945,35.20000076293945,33.271575927734375
16-01-2020,35.310001373291016,35.400001525878906,5872500,35.61000061035156,35.47999954223633,33.53623962402344
17-01-2020,35.4900016784668,35.59000015258789,5697600,35.970001220703125,35.7599983215332,33.8008918762207
21-01-2020,35.5099983215332,35.56999969482422,5853200,36.0099983215332,35.720001220703125,33.76308822631836
22-01-2020,35.84000015258789,36.06999969482422,5703000,36.42499923706055,36.41999816894531,34.42472839355469
23-01-2020,35.834999084472656,36.349998474121094,8295000,36.37300109863281,36.20000076293945,34.21678924560547
24-01-2020,32.435001373291016,34.099998474121094,15776300,34.5,32.630001068115234,30.842370986938477
27-01-2020,31.700000762939453,32.08000183105469,8073100,32.2599983215332,32.20000076293945,30.43592643737793
28-01-2020,32.279998779296875,32.40999984741211,6472200,32.904998779296875,32.56999969482422,30.785655975341797
29-01-2020,32.47999954223633,32.619998931884766,4654100,32.915000915527344,32.63999938964844,30.85181999206543
30-01-2020,32.33000183105469,32.33000183105469,6375800,33.27000045776367,33.119998931884766,31.305522918701172
31-01-2020,32.20500183105469,32.93000030517578,6716700,33.0099983215332,32.40999984741211,30.63442039489746
03-02-2020,32.224998474121094,32.650001525878906,7252900,32.91999816894531,32.41999816894531,30.643875122070312
04-02-2020,32.61000061035156,32.900001525878906,6005900,33.209999084472656,32.650001525878906,30.86127471923828
05-02-2020,32.97999954223633,33.06999969482422,6349000,33.529998779296875,33.43000030517578,31.598539352416992
06-02-2020,33.08000183105469,33.380001068115234,5478200,33.65999984741211,33.189998626708984,31.579509735107422
07-02-2020,32.755001068115234,32.97999954223633,6453500,33.2599983215332,33.189998626708984,31.579509735107422
10-02-2020,33.04999923706055,33.04999923706055,7959500,33.34000015258789,33.27000045776367,31.65563201904297
11-02-2020,33.279998779296875,33.43000030517578,9637500,33.564998626708984,33.33000183105469,31.712724685668945
12-02-2020,33.31999969482422,33.52000045776367,7149300,33.91999816894531,33.58000183105469,31.95058822631836
13-02-2020,33.45000076293945,33.47999954223633,4214400,33.880001068115234,33.81999969482422,32.17893600463867
14-02-2020,33.56999969482422,33.849998474121094,5615800,33.9900016784668,33.75,32.112342834472656
18-02-2020,33.18000030517578,33.599998474121094,5570000,33.95000076293945,33.27000045776367,31.65563201904297
19-02-2020,33.005001068115234,33.31999969482422,6086500,33.459999084472656,33.369998931884766,31.750776290893555
20-02-2020,33.20000076293945,33.2400016784668,4866400,33.8849983215332,33.63999938964844,32.00767517089844
21-02-2020,33.029998779296875,33.5099983215332,4868400,33.564998626708984,33.33000183105469,31.712724685668945
24-02-2020,32.119998931884766,32.18000030517578,8475600,32.56999969482422,32.25,30.685123443603516
25-02-2020,30.59000015258789,32.209999084472656,9860700,32.25,30.760000228881836,29.26742172241211
26-02-2020,30.59000015258789,31.0,9640700,31.40999984741211,30.59000015258789,29.10567283630371
27-02-2020,29.389999389648438,29.860000610351562,10894900,30.790000915527344,29.68000030517578,28.23982810974121
28-02-2020,28.06999969482422,28.68000030517578,17476000,29.190000534057617,29.100000381469727,27.687973022460938
02-03-2020,29.149999618530273,29.280000686645508,10614500,30.399999618530273,30.389999389648438,28.915376663208008
03-03-2020,28.709999084472656,30.219999313354492,9562500,30.670000076293945,28.8700008392334,27.469135284423828
04-03-2020,29.09000015258789,29.3700008392334,8613900,30.280000686645508,30.139999389648438,28.677507400512695
05-03-2020,28.979999542236328,29.040000915527344,10808400,29.8700008392334,29.260000228881836,27.8402099609375
06-03-2020,27.7549991607666,28.100000381469727,10763700,28.8700008392334,28.25,26.87921714782715
09-03-2020,24.690000534057617,26.09000015258789,10877400,26.280000686645508,25.020000457763672,23.805946350097656
10-03-2020,24.579999923706055,26.1299991607666,11415700,26.420000076293945,26.270000457763672,24.99529457092285
11-03-2020,24.190000534057617,25.5,14890200,25.850000381469727,24.489999771118164,23.301666259765625
12-03-2020,21.649999618530273,22.559999465942383,14723600,23.979999542236328,21.670000076293945,20.618499755859375
13-03-2020,22.219999313354492,23.40999984741211,13296400,24.15999984741211,24.1299991607666,22.959131240844727
16-03-2020,17.75,19.5,16192200,20.010000228881836,17.850000381469727,16.983858108520508
17-03-2020,16.100000381469727,18.420000076293945,18349900,18.860000610351562,17.459999084472656,16.612781524658203
18-03-2020,12.149999618530273,16.149999618530273,13580600,16.59000015258789,13.930000305175781,13.254069328308105
19-03-2020,12.3100004196167,13.630000114440918,15389700,15.380000114440918,14.600000381469727,13.891560554504395
20-03-2020,13.260000228881836,14.970000267028809,12910800,15.199999809265137,13.40999984741211,12.759302139282227
23-03-2020,12.25,13.279999732971191,14916800,13.4399995803833,12.800000190734863,12.178901672363281
24-03-2020,13.680000305175781,13.880000114440918,12388300,15.25,14.739999771118164,14.02476692199707
25-03-2020,15.109999656677246,15.789999961853027,13320000,17.315000534057617,16.65999984741211,15.851600646972656
26-03-2020,17.0,17.149999618530273,18977200,19.860000610351562,19.030000686645508,18.106603622436523
27-03-2020,16.850000381469727,17.920000076293945,11821100,18.18000030517578,17.100000381469727,16.270252227783203
30-03-2020,16.059999465942383,16.940000534057617,7263600,17.0,16.770000457763672,15.956265449523926
31-03-2020,15.960000038146973,16.68000030517578,10746700,16.84000015258789,16.09000015258789,15.309260368347168
01-04-2020,13.960000038146973,14.970000267028809,12834500,15.199999809265137,14.510000228881836,13.805927276611328
02-04-2020,13.710000038146973,14.329999923706055,9770100,15.130000114440918,14.3100004196167,13.615633010864258
03-04-2020,12.979999542236328,14.039999961853027,12080000,14.260000228881836,13.25,12.60706615447998
06-04-2020,14.170000076293945,14.319999694824219,11558200,15.670000076293945,15.489999771118164,14.738373756408691
07-04-2020,15.960000038146973,17.0,14933800,18.190000534057617,16.1200008392334,15.337803840637207
08-04-2020,16.104999542236328,16.559999465942383,9894400,17.030000686645508,16.81999969482422,16.00383758544922
09-04-2020,17.34000015258789,17.84000015258789,13613700,18.920000076293945,17.6200008392334,16.7650203704834
13-04-2020,16.135000228881836,17.81999969482422,11938600,18.020000457763672,16.219999313354492,15.432951927185059
14-04-2020,15.600000381469727,16.459999084472656,10696500,16.979999542236328,15.899999618530273,15.12847900390625
15-04-2020,14.5600004196167,14.9399995803833,8363100,15.289999961853027,14.949999809265137,14.224575996398926
16-04-2020,14.020000457763672,14.850000381469727,9833900,15.0,14.170000076293945,13.48242473602295
17-04-2020,14.989999771118164,15.130000114440918,11646100,15.699999809265137,15.619999885559082,14.862064361572266
20-04-2020,14.779999732971191,15.140000343322754,10747600,15.984999656677246,15.59000015258789,14.833520889282227
21-04-2020,14.510000228881836,15.0,10929100,15.984999656677246,15.170000076293945,14.4339017868042
22-04-2020,15.25,15.630000114440918,9968600,16.170000076293945,16.049999237060547,15.271201133728027
23-04-2020,16.040000915527344,16.059999465942383,9048100,16.68000030517578,16.100000381469727,15.318775177001953
24-04-2020,16.190000534057617,16.25,12224400,17.014999389648438,16.969999313354492,16.146556854248047
27-04-2020,17.06999969482422,17.170000076293945,11560300,17.780000686645508,17.6200008392334,16.7650203704834
28-04-2020,18.389999389648438,18.649999618530273,10486400,19.229999542236328,18.739999771118164,17.830673217773438
29-04-2020,19.860000610351562,19.979999542236328,14835400,21.3799991607666,21.049999237060547,20.028581619262695
30-04-2020,19.420000076293945,20.3799991607666,10494900,20.90999984741211,19.790000915527344,18.82972526550293
01-05-2020,18.049999237060547,18.649999618530273,8218400,18.760000228881836,18.510000228881836,17.80982208251953
04-05-2020,17.56999969482422,17.950000762939453,7774900,18.559999465942383,18.43000030517578,17.732847213745117
05-05-2020,17.950000762939453,18.899999618530273,7899400,19.350000381469727,18.0,17.31911277770996
06-05-2020,17.260000228881836,18.200000762939453,6320800,18.420000076293945,17.299999237060547,16.645587921142578
07-05-2020,17.5,17.579999923706055,8191300,18.360000610351562,17.989999771118164,17.309492111206055
08-05-2020,18.299999237060547,18.479999542236328,4907500,18.68000030517578,18.6200008392334,17.915660858154297
11-05-2020,17.53499984741211,18.18000030517578,6252600,18.229999542236328,17.729999542236328,17.059324264526367
12-05-2020,16.959999084472656,17.760000228881836,5827500,18.1200008392334,16.979999542236328,16.337697982788086
13-05-2020,15.75,16.729999542236328,14054300,16.790000915527344,15.869999885559082,15.269683837890625
14-05-2020,15.170000076293945,15.399999618530273,11878200,17.18000030517578,17.06999969482422,16.424293518066406
15-05-2020,16.454999923706055,16.790000915527344,6019200,17.1299991607666,16.540000915527344,15.91434097290039
18-05-2020,17.559999465942383,17.649999618530273,7785900,18.110000610351562,17.959999084472656,17.280624389648438
19-05-2020,17.229999542236328,17.799999237060547,8177900,18.24799919128418,17.6299991607666,16.96310806274414
20-05-2020,17.979999542236328,18.059999465942383,8362400,18.424999237060547,18.110000610351562,17.42495346069336
21-05-2020,17.850000381469727,18.079999923706055,4733900,18.360000610351562,18.1299991607666,17.444194793701172
22-05-2020,17.545000076293945,18.079999923706055,4521200,18.149999618530273,17.850000381469727,17.174785614013672
26-05-2020,18.899999618530273,19.0,6925800,19.7450008392334,19.479999542236328,18.743127822875977
27-05-2020,20.165000915527344,20.950000762939453,14811800,21.399999618530273,21.350000381469727,20.542390823364258
28-05-2020,21.010000228881836,22.010000228881836,10114700,22.34000015258789,21.239999771118164,20.436552047729492
29-05-2020,20.229999542236328,20.549999237060547,9237200,21.1200008392334,20.3700008392334,19.599464416503906
01-06-2020,20.190000534057617,20.469999313354492,5751000,21.280000686645508,21.100000381469727,20.301847457885742
02-06-2020,21.5,21.520000457763672,11442600,22.389999389648438,22.06999969482422,21.235157012939453
03-06-2020,22.75,22.889999389648438,11010800,24.100000381469727,23.690000534057617,22.793874740600586
04-06-2020,22.940000534057617,23.420000076293945,8537100,24.479999542236328,24.329999923706055,23.40966796875
05-06-2020,25.354999542236328,26.75,13586600,27.5,25.520000457763672,24.55465316772461
08-06-2020,26.125,26.90999984741211,11088700,27.0,26.8700008392334,25.853588104248047
09-06-2020,25.360000610351562,25.770000457763672,6656100,26.165000915527344,25.860000610351562,24.881792068481445
10-06-2020,24.149999618530273,25.59000015258789,8059100,25.709999084472656,24.3700008392334,23.448156356811523
11-06-2020,21.989999771118164,22.15999984741211,9077500,23.31999969482422,22.149999618530273,21.312131881713867
12-06-2020,22.399999618530273,23.780000686645508,9480500,23.81999969482422,23.770000457763672,22.870849609375
15-06-2020,22.531999588012695,22.709999084472656,9093700,24.649999618530273,24.389999389648438,23.467395782470703
16-06-2020,24.329999923706055,25.959999084472656,9948600,26.010000228881836,25.15999984741211,24.208269119262695
17-06-2020,24.65999984741211,25.260000228881836,11956300,25.489999771118164,24.75,23.813779830932617
18-06-2020,24.020000457763672,24.170000076293945,9068400,24.799999237060547,24.25,23.332691192626953
19-06-2020,23.364999771118164,24.8799991607666,14823200,24.90999984741211,23.770000457763672,22.870849609375
22-06-2020,23.18000030517578,23.530000686645508,11375400,24.094999313354492,23.790000915527344,22.890094757080078
23-06-2020,23.774999618530273,24.15999984741211,10912100,24.510000228881836,23.920000076293945,23.01517677307129
24-06-2020,22.06999969482422,23.25,8393100,23.350000381469727,22.09000015258789,21.2544002532959
25-06-2020,21.690000534057617,21.90999984741211,7674500,22.809999465942383,22.75,21.889432907104492
26-06-2020,21.239999771118164,22.219999313354492,11816500,22.309999465942383,21.389999389648438,20.58087921142578
29-06-2020,21.325000762939453,21.739999771118164,5313100,22.170000076293945,21.950000762939453,21.11969566345215
30-06-2020,21.639999389648438,21.770000457763672,4662000,22.290000915527344,22.15999984741211,21.321752548217773
01-07-2020,21.399999618530273,22.299999237060547,5988200,22.670000076293945,21.610000610351562,20.792556762695312
02-07-2020,21.799999237060547,22.350000381469727,7211900,22.825000762939453,21.860000610351562,21.033100128173828
06-07-2020,22.309999465942383,22.479999542236328,4960300,22.8700008392334,22.799999237060547,21.937541961669922
07-07-2020,21.760000228881836,22.579999923706055,4684200,22.670000076293945,21.790000915527344,20.96575164794922
08-07-2020,21.6200008392334,21.760000228881836,5180700,22.34000015258789,22.31999969482422,21.47570037841797
09-07-2020,21.040000915527344,22.270000457763672,5288400,22.290000915527344,21.34000015258789,20.532772064208984
10-07-2020,21.280000686645508,21.389999389648438,4884400,22.579999923706055,22.559999465942383,21.706619262695312
13-07-2020,22.270000457763672,22.93000030517578,7377100,23.209999084472656,22.690000534057617,21.831703186035156
14-07-2020,22.149999618530273,22.56999969482422,6947000,22.954999923706055,22.450000762939453,21.600780487060547
15-07-2020,22.739999771118164,22.75,7054800,23.770000457763672,23.639999389648438,22.745769500732422
16-07-2020,23.25,23.420000076293945,4541300,24.1299991607666,23.75,22.851608276367188
17-07-2020,23.010000228881836,23.700000762939453,6367600,23.829999923706055,23.209999084472656,22.332033157348633
20-07-2020,22.3700008392334,23.149999618530273,6842200,23.274999618530273,22.3799991607666,21.533430099487305
21-07-2020,21.670000076293945,22.049999237060547,8415300,23.209999084472656,22.639999389648438,21.783594131469727
22-07-2020,22.139999389648438,22.239999771118164,4752100,23.149999618530273,22.920000076293945,22.053003311157227
23-07-2020,22.649999618530273,22.700000762939453,7382600,23.5,23.389999389648438,22.505226135253906
24-07-2020,23.18000030517578,23.5,7298600,23.84000015258789,23.559999465942383,22.668792724609375
27-07-2020,22.8799991607666,23.399999618530273,5636800,23.809999465942383,23.739999771118164,22.841983795166016
28-07-2020,23.010000228881836,23.510000228881836,4834700,23.799999237060547,23.079999923706055,22.206951141357422
29-07-2020,22.969999313354492,23.079999923706055,4075700,23.809999465942383,23.780000686645508,22.88047218322754
30-07-2020,22.719999313354492,23.209999084472656,4594400,23.315000534057617,23.170000076293945,22.293546676635742
31-07-2020,21.895000457763672,23.0,6283000,23.0,22.1299991607666,21.496999740600586
03-08-2020,22.040000915527344,22.299999237060547,6037300,22.989999771118164,22.719999313354492,22.070125579833984
04-08-2020,22.549999237060547,22.68000030517578,4207900,22.979999542236328,22.649999618530273,22.002126693725586
05-08-2020,22.690000534057617,22.93000030517578,5640300,23.389999389648438,23.329999923706055,22.662675857543945
06-08-2020,22.889999389648438,23.06999969482422,4311400,23.34000015258789,23.09000015258789,22.429540634155273
07-08-2020,22.549999237060547,22.860000610351562,5086500,23.690000534057617,23.690000534057617,23.012378692626953
10-08-2020,23.709999084472656,23.729999542236328,7728200,25.0,24.59000015258789,23.886634826660156
11-08-2020,25.030000686645508,25.549999237060547,5512300,26.125,25.100000381469727,24.382049560546875
12-08-2020,24.06999969482422,25.649999618530273,5416000,25.709999084472656,24.739999771118164,24.032346725463867
13-08-2020,24.18000030517578,24.399999618530273,4459900,24.770000457763672,24.700000762939453,23.99349021911621
14-08-2020,24.174999237060547,24.399999618530273,3860100,25.239999771118164,24.93000030517578,24.2169132232666
17-08-2020,24.219999313354492,24.799999237060547,4962500,24.8799991607666,24.350000381469727,23.653501510620117
18-08-2020,23.885000228881836,24.440000534057617,4975100,24.549999237060547,23.979999542236328,23.294082641601562
19-08-2020,23.899999618530273,24.1299991607666,4647000,24.530000686645508,24.110000610351562,23.420366287231445
20-08-2020,23.65999984741211,23.709999084472656,4431700,24.1200008392334,23.940000534057617,23.255231857299805
21-08-2020,23.81999969482422,23.899999618530273,2264100,24.274999618530273,23.90999984741211,23.22608757019043
24-08-2020,23.93000030517578,24.100000381469727,5358000,25.260000228881836,25.25,24.527759552001953
25-08-2020,24.709999084472656,25.59000015258789,3955500,25.719999313354492,24.899999618530273,24.187768936157227
26-08-2020,24.333999633789062,24.780000686645508,3012500,25.010000228881836,24.450000762939453,23.750640869140625
27-08-2020,24.4950008392334,24.530000686645508,5587800,25.7450008392334,25.579999923706055,24.848318099975586
28-08-2020,25.43000030517578,25.75,3140900,25.93000030517578,25.780000686645508,25.042600631713867
31-08-2020,24.809999465942383,25.770000457763672,5755800,25.770000457763672,24.809999465942383,24.100341796875
01-09-2020,24.389999389648438,24.649999618530273,3633700,25.190000534057617,24.860000610351562,24.148916244506836
02-09-2020,24.510000228881836,24.8700008392334,6939300,25.010000228881836,24.81999969482422,24.110057830810547
03-09-2020,24.600000381469727,25.059999465942383,7629400,25.8799991607666,25.1200008392334,24.40147590637207
04-09-2020,25.3799991607666,25.649999618530273,7218000,26.489999771118164,26.170000076293945,25.42144203186035
08-09-2020,25.309999465942383,25.610000610351562,5358900,26.100000381469727,25.530000686645508,24.79974937438965
09-09-2020,25.141000747680664,25.799999237060547,3077700,25.854999542236328,25.600000381469727,24.867746353149414
10-09-2020,25.315000534057617,25.790000915527344,5687200,26.59000015258789,25.399999618530273,24.673465728759766
11-09-2020,25.270000457763672,25.489999771118164,3330300,25.850000381469727,25.790000915527344,25.05231285095215
14-09-2020,26.010000228881836,26.010000228881836,5575800,27.3799991607666,26.959999084472656,26.188846588134766
15-09-2020,26.469999313354492,27.059999465942383,4964100,27.139999389648438,26.489999771118164,25.732290267944336
16-09-2020,26.135000228881836,26.649999618530273,7267400,27.915000915527344,27.59000015258789,26.800825119018555
17-09-2020,26.889999389648438,27.079999923706055,4944200,27.729999542236328,27.639999389648438,26.849395751953125
18-09-2020,27.062000274658203,27.450000762939453,5310000,27.764999389648438,27.229999542236328,26.451122283935547
21-09-2020,25.665000915527344,26.100000381469727,6442600,26.489999771118164,25.899999618530273,25.15916633605957
22-09-2020,25.1200008392334,25.90999984741211,5322100,26.270000457763672,25.610000610351562,24.877458572387695
23-09-2020,24.969999313354492,25.729999542236328,5876600,26.280000686645508,25.100000381469727,24.382049560546875
24-09-2020,24.200000762939453,24.8799991607666,4978500,25.454999923706055,24.770000457763672,24.061487197875977
25-09-2020,24.520000457763672,24.56999969482422,3443600,25.270000457763672,25.139999389648438,24.4209041595459
28-09-2020,25.649999618530273,25.850000381469727,3322000,26.260000228881836,25.790000915527344,25.05231285095215
29-09-2020,25.274999618530273,25.84000015258789,3377400,25.969999313354492,25.549999237060547,24.819175720214844
30-09-2020,25.549999237060547,25.68000030517578,6467700,26.614999771118164,26.170000076293945,25.42144203186035
01-10-2020,26.11199951171875,26.450000762939453,5059800,26.700000762939453,26.649999618530273,25.887712478637695
02-10-2020,25.8799991607666,26.1299991607666,3597400,27.600000381469727,27.459999084472656,26.674541473388672
05-10-2020,27.829999923706055,27.8799991607666,4232100,28.479999542236328,28.3799991607666,27.568225860595703
06-10-2020,27.170000076293945,28.850000381469727,5768200,29.030000686645508,27.5,26.713397979736328
07-10-2020,27.889999389648438,27.950000762939453,3930900,28.709999084472656,28.299999237060547,27.49051284790039
08-10-2020,28.389999389648438,28.56999969482422,3265700,29.19499969482422,29.149999618530273,28.316204071044922
09-10-2020,28.65999984741211,29.239999771118164,6596000,29.489999771118164,28.84000015258789,28.01506996154785
12-10-2020,28.750999450683594,29.18000030517578,4034800,29.18000030517578,28.8700008392334,28.044214248657227
13-10-2020,28.304000854492188,28.610000610351562,3181600,28.899999618530273,28.540000915527344,27.723651885986328
14-10-2020,28.530000686645508,28.670000076293945,2827100,29.045000076293945,28.670000076293945,27.84993553161621
15-10-2020,28.1200008392334,28.309999465942383,2565300,29.139999389648438,29.100000381469727,28.26763343811035
16-10-2020,29.209999084472656,29.309999465942383,3656600,29.864999771118164,29.3799991607666,28.53962516784668
19-10-2020,29.03499984741211,29.610000610351562,5454900,29.985000610351562,29.079999923706055,28.248205184936523
20-10-2020,27.43000030517578,28.059999465942383,11557000,28.40999984741211,27.610000610351562,26.820253372192383
21-10-2020,26.80500030517578,27.520000457763672,6723500,27.649999618530273,26.860000610351562,26.091705322265625
22-10-2020,27.020000457763672,27.25,5012700,28.059999465942383,27.959999084472656,27.160240173339844
23-10-2020,27.15999984741211,28.229999542236328,7351400,28.43000030517578,27.75,26.956247329711914
26-10-2020,26.3700008392334,27.270000457763672,5266700,27.290000915527344,26.889999389648438,26.120847702026367
27-10-2020,26.219999313354492,26.889999389648438,3668900,26.996999740600586,26.229999542236328,25.479724884033203
28-10-2020,24.875,25.389999389648438,6082600,25.825000762939453,25.170000076293945,24.450048446655273
29-10-2020,24.760000228881836,25.079999923706055,4320800,25.604999542236328,25.459999084472656,24.73175048828125
30-10-2020,24.469999313354492,25.010000228881836,4695300,25.350000381469727,25.020000457763672,24.51618194580078
02-11-2020,25.350000381469727,25.510000228881836,3552600,26.174999237060547,25.959999084472656,25.437252044677734
03-11-2020,26.415000915527344,26.739999771118164,3985200,26.950000762939453,26.65999984741211,26.123157501220703
04-11-2020,25.179000854492188,25.940000534057617,6709700,27.309999465942383,26.520000457763672,25.985977172851562
05-11-2020,26.829999923706055,26.860000610351562,4233300,27.65999984741211,27.479999542236328,26.926645278930664
06-11-2020,26.649999618530273,27.530000686645508,3108400,27.764999389648438,26.799999237060547,26.260337829589844
09-11-2020,29.75,29.989999771118164,11257300,31.0,29.850000381469727,29.248920440673828
10-11-2020,29.56999969482422,29.8700008392334,5692200,30.360000610351562,29.610000610351562,29.01375389099121
11-11-2020,28.549999237060547,29.739999771118164,5649200,29.80500030517578,29.399999618530273,28.807981491088867
12-11-2020,28.700000762939453,28.920000076293945,4225200,29.825000762939453,29.110000610351562,28.523822784423828
13-11-2020,29.34000015258789,29.510000228881836,4021600,30.239999771118164,30.020000457763672,29.415496826171875
16-11-2020,30.579999923706055,31.0,6004500,31.520000457763672,31.110000610351562,30.483549118041992
17-11-2020,29.55500030517578,30.549999237060547,3914600,30.760000228881836,30.56999969482422,29.954423904418945
18-11-2020,30.079999923706055,30.6200008392334,4522800,31.360000610351562,30.079999923706055,29.474288940429688
19-11-2020,29.479999542236328,29.799999237060547,3129000,30.170000076293945,30.049999237060547,29.44489288330078
20-11-2020,29.31999969482422,29.780000686645508,4045900,29.8700008392334,29.450000762939453,28.856975555419922
23-11-2020,29.84000015258789,30.079999923706055,3395700,30.899999618530273,30.6299991607666,30.013214111328125
24-11-2020,31.15999984741211,31.5,5505400,31.989999771118164,31.969999313354492,31.326231002807617
25-11-2020,30.9950008392334,31.600000381469727,3173300,31.600000381469727,31.3799991607666,30.748109817504883
27-11-2020,30.860000610351562,31.200000762939453,1351100,31.315000534057617,31.09000015258789,30.463951110839844
30-11-2020,30.434999465942383,31.600000381469727,6726500,31.90999984741211,30.469999313354492,29.856435775756836
01-12-2020,31.09000015258789,31.25,4774700,32.040000915527344,31.469999313354492,30.8362979888916
02-12-2020,31.030000686645508,31.399999618530273,4440800,32.46500015258789,32.33000183105469,31.678985595703125
03-12-2020,32.04999923706055,32.189998626708984,3168700,32.72999954223633,32.349998474121094,31.698575973510742
04-12-2020,32.18000030517578,32.7599983215332,4127200,33.040000915527344,32.970001220703125,32.306095123291016
07-12-2020,32.33000183105469,32.83000183105469,4580600,32.95000076293945,32.56999969482422,31.914152145385742
08-12-2020,31.87299919128418,32.06999969482422,3837000,32.52000045776367,32.38999938964844,31.737775802612305
09-12-2020,32.04999923706055,32.54999923706055,4979700,32.849998474121094,32.349998474121094,31.698575973510742
10-12-2020,31.889999389648438,32.29999923706055,4741100,33.10499954223633,32.97999954223633,32.315887451171875
11-12-2020,32.007999420166016,32.61000061035156,4805200,32.70000076293945,32.27000045776367,31.620189666748047
14-12-2020,31.639999389648438,32.75,3039000,32.779998779296875,31.90999984741211,31.267440795898438
15-12-2020,31.700000762939453,32.349998474121094,4375000,32.7599983215332,32.72999954223633,32.07093048095703
16-12-2020,32.28499984741211,32.91999816894531,3083900,33.099998474121094,32.959999084472656,32.296295166015625
17-12-2020,32.810001373291016,33.09000015258789,3047000,33.33000183105469,33.29999923706055,32.62944412231445
18-12-2020,32.16999816894531,33.209999084472656,8973900,33.25,32.349998474121094,31.698575973510742
21-12-2020,32.310001373291016,32.70000076293945,6644700,33.8849983215332,33.380001068115234,32.70783615112305
22-12-2020,33.2400016784668,33.5099983215332,3663400,33.935001373291016,33.2599983215332,32.59025192260742
23-12-2020,33.53499984741211,33.599998474121094,2976300,34.400001525878906,34.130001068115234,33.44274139404297
24-12-2020,33.61000061035156,34.20000076293945,844400,34.20000076293945,33.959999084472656,33.276161193847656
28-12-2020,33.95000076293945,34.16999816894531,1903000,34.52000045776367,33.95000076293945,33.266361236572266
29-12-2020,33.45000076293945,34.06999969482422,2217000,34.209999084472656,33.93000030517578,33.246761322021484
30-12-2020,33.93000030517578,34.0,2617500,34.650001525878906,34.290000915527344,33.59951400756836
31-12-2020,34.099998474121094,34.209999084472656,2331600,34.779998779296875,34.709999084472656,34.01105880737305
04-01-2021,34.06999969482422,35.0,6207600,35.040000915527344,34.13999938964844,33.452537536621094
05-01-2021,34.19499969482422,34.25,5154200,34.97999954223633,34.77000045776367,34.06985092163086
06-01-2021,35.15999984741211,35.540000915527344,10200000,37.349998474121094,36.880001068115234,36.137359619140625
07-01-2021,36.38999938964844,37.290000915527344,8355600,37.43000030517578,36.709999084472656,35.97078323364258
08-01-2021,36.040000915527344,36.849998474121094,4615000,36.970001220703125,36.58000183105469,35.843406677246094
11-01-2021,35.599998474121094,35.97999954223633,4701400,36.529998779296875,36.290000915527344,35.559242248535156
12-01-2021,36.209999084472656,36.43000030517578,3777700,37.04999923706055,36.560001373291016,35.82379913330078
13-01-2021,36.61000061035156,36.66999816894531,7977600,37.959999084472656,37.40999984741211,36.65668487548828
14-01-2021,37.52000045776367,37.709999084472656,10254800,39.18000030517578,38.90999984741211,38.12648391723633
15-01-2021,37.84000015258789,38.22999954223633,7955700,39.185001373291016,38.77000045776367,37.98930358886719
19-01-2021,39.290000915527344,39.68000030517578,7771800,39.959999084472656,39.70000076293945,38.900577545166016
20-01-2021,39.560001373291016,40.0,5688800,40.689998626708984,39.90999984741211,39.10634231567383
21-01-2021,38.06999969482422,39.4900016784668,7097100,39.95000076293945,38.16999816894531,37.40138244628906
22-01-2021,37.16999816894531,37.59000015258789,5598200,37.65999984741211,37.369998931884766,36.61749267578125
25-01-2021,35.529998779296875,36.959999084472656,6013600,37.0,36.630001068115234,35.892398834228516
26-01-2021,35.349998474121094,36.91999816894531,5316900,36.970001220703125,35.380001068115234,34.66756820678711
27-01-2021,34.150001525878906,35.13999938964844,9433300,35.75,34.380001068115234,33.68770217895508
28-01-2021,34.2599983215332,34.83000183105469,11743400,36.08000183105469,35.88999938964844,35.16729736328125
29-01-2021,33.40999984741211,34.869998931884766,12483500,35.849998474121094,33.650001525878906,32.97240447998047
01-02-2021,33.9900016784668,34.630001068115234,7520400,34.86000061035156,34.689998626708984,33.991455078125
02-02-2021,35.07699966430664,35.099998474121094,8211900,36.25,36.040000915527344,35.314273834228516
03-02-2021,35.650001525878906,36.029998779296875,5291800,36.43000030517578,36.11000061035156,35.38286590576172
04-02-2021,36.0,36.0,8455100,37.630001068115234,37.13999938964844,36.61520004272461
05-02-2021,37.18000030517578,37.599998474121094,4858800,37.81999969482422,37.290000915527344,36.76308059692383
08-02-2021,37.06999969482422,37.54999923706055,7481400,37.75600051879883,37.66999816894531,37.13771438598633
09-02-2021,37.099998474121094,37.61000061035156,7013000,37.7400016784668,37.119998931884766,36.59548568725586
10-02-2021,36.83000183105469,37.45000076293945,4124700,37.91999816894531,37.880001068115234,37.344749450683594
11-02-2021,36.849998474121094,37.880001068115234,2945600,37.96500015258789,37.279998779296875,36.75322341918945
12-02-2021,36.90999984741211,37.31999969482422,2992200,37.709999084472656,37.150001525878906,36.62506103515625
16-02-2021,37.095001220703125,37.459999084472656,3757300,38.029998779296875,37.900001525878906,37.364463806152344
17-02-2021,37.310001373291016,37.70000076293945,4642900,38.30500030517578,37.470001220703125,36.9405403137207
18-02-2021,36.45000076293945,37.060001373291016,4937000,37.41999816894531,36.650001525878906,36.13212585449219
19-02-2021,36.97999954223633,37.060001373291016,5612600,38.314998626708984,38.08000183105469,37.54192352294922
22-02-2021,37.939998626708984,37.95000076293945,6068800,39.380001068115234,38.81999969482422,38.271461486816406
23-02-2021,38.0099983215332,39.0,6820700,39.22999954223633,38.47999954223633,37.9362678527832
24-02-2021,38.599998474121094,38.65999984741211,8010100,40.31999969482422,40.220001220703125,39.65167999267578
25-02-2021,38.71500015258789,40.5,7490900,40.599998474121094,39.02000045776367,38.46863555908203
26-02-2021,37.97999954223633,38.77000045776367,7518200,39.459999084472656,38.68000030517578,38.13344192504883
01-03-2021,39.400001525878906,39.459999084472656,8211000,40.439998626708984,40.0,39.434791564941406
02-03-2021,39.439998626708984,39.83000183105469,6106500,40.290000915527344,39.560001373291016,39.00101089477539
03-03-2021,39.709999084472656,39.84000015258789,5423500,40.89500045776367,40.119998931884766,39.553096771240234
04-03-2021,37.7599983215332,39.77000045776367,8090800,40.18000030517578,38.90999984741211,38.360191345214844
05-03-2021,37.91999816894531,39.75,7214800,40.220001220703125,40.099998474121094,39.53337097167969
08-03-2021,40.040000915527344,40.5099983215332,8167700,41.209999084472656,40.63999938964844,40.06574630737305
09-03-2021,39.619998931884766,40.459999084472656,6960000,40.73500061035156,40.16999816894531,39.602386474609375
10-03-2021,40.470001220703125,40.47999954223633,6144300,41.86000061035156,41.61000061035156,41.02204132080078
11-03-2021,41.25,41.43000030517578,5369600,42.810001373291016,42.65999984741211,42.05720520019531
12-03-2021,42.56999969482422,43.02000045776367,4044500,43.2400016784668,42.70000076293945,42.09663772583008
15-03-2021,41.619998931884766,42.83000183105469,6448600,43.0099983215332,42.81999969482422,42.214942932128906
16-03-2021,41.310001373291016,42.66999816894531,6820200,42.685001373291016,42.20000076293945,41.603702545166016
17-03-2021,41.880001068115234,42.470001220703125,7243800,43.15999984741211,43.13999938964844,42.53042221069336
18-03-2021,40.9900016784668,43.43000030517578,8054600,43.61000061035156,41.2599983215332,40.67698669433594
19-03-2021,40.02000045776367,40.61000061035156,9836000,41.52000045776367,40.970001220703125,40.39108657836914
22-03-2021,40.244998931884766,40.86000061035156,6843500,40.959999084472656,40.540000915527344,39.9671630859375
23-03-2021,38.45000076293945,40.060001373291016,9354300,40.39500045776367,38.79999923706055,38.251747131347656
24-03-2021,39.220001220703125,39.5,9934000,40.03499984741211,39.4900016784668,38.93199920654297
25-03-2021,38.2400016784668,39.099998474121094,8072400,40.86000061035156,40.72999954223633,40.15447235107422
26-03-2021,40.38999938964844,41.65999984741211,6159000,41.880001068115234,41.31999969482422,40.73613739013672
29-03-2021,39.814998626708984,40.66999816894531,7423200,40.959999084472656,40.29999923706055,39.730552673339844
30-03-2021,40.56999969482422,40.56999969482422,6312600,41.310001373291016,41.060001373291016,40.47981643676758
31-03-2021,40.63999938964844,40.939998626708984,5550300,41.61000061035156,40.65999984741211,40.08546447753906
01-04-2021,40.84000015258789,40.939998626708984,5775900,41.83000183105469,41.65999984741211,41.07133483886719
05-04-2021,41.84000015258789,42.15999984741211,7898400,42.5099983215332,42.220001220703125,41.62342071533203
06-04-2021,41.88999938964844,42.04999923706055,5310900,42.505001068115234,42.189998626708984,41.59384536743164
07-04-2021,42.209999084472656,42.34000015258789,5536000,43.029998779296875,42.4900016784668,41.88960647583008
08-04-2021,41.43000030517578,42.20000076293945,4697000,42.34000015258789,42.25,41.65299606323242
09-04-2021,42.23899841308594,42.880001068115234,6593800,43.09000015258789,42.79999923706055,42.19522476196289
12-04-2021,42.54499816894531,42.810001373291016,4671000,43.2400016784668,43.150001525878906,42.540283203125
13-04-2021,41.2599983215332,42.83000183105469,7508700,43.0,41.459999084472656,40.87416076660156
14-04-2021,40.220001220703125,40.310001373291016,6786700,42.0,41.5,40.91359329223633
15-04-2021,40.689998626708984,41.70000076293945,5439800,41.70000076293945,41.279998779296875,40.69670104980469
16-04-2021,41.29999923706055,41.7400016784668,4526800,42.13999938964844,41.38999938964844,40.80514907836914
19-04-2021,40.470001220703125,41.31999969482422,10066900,41.459999084472656,40.72999954223633,40.15447235107422
20-04-2021,39.06999969482422,40.5,4631700,40.5,39.56999969482422,39.010868072509766
21-04-2021,38.650001525878906,39.18000030517578,6107900,40.20000076293945,40.18000030517578,39.61224365234375
22-04-2021,39.7599983215332,40.38999938964844,3443200,40.59000015258789,39.880001068115234,39.31648635864258
23-04-2021,39.560001373291016,39.79999923706055,3181600,40.900001525878906,40.68000030517578,40.10518264770508
26-04-2021,40.79999923706055,40.79999923706055,4549900,41.79999923706055,41.470001220703125,40.88401794433594
27-04-2021,39.599998474121094,39.709999084472656,9905400,40.88999938964844,40.72999954223633,40.15447235107422
28-04-2021,41.02000045776367,41.08000183105469,8877200,43.08000183105469,43.029998779296875,42.421974182128906
29-04-2021,43.209999084472656,43.369998931884766,9386500,44.58000183105469,44.439998626708984,43.812049865722656
30-04-2021,43.54999923706055,43.88999938964844,6888200,44.220001220703125,43.7400016784668,43.336483001708984
03-05-2021,43.27000045776367,44.290000915527344,5947600,44.54499816894531,43.68000030517578,43.27703857421875
04-05-2021,43.11000061035156,43.5,8712300,44.84000015258789,44.59000015258789,44.17863845825195
05-05-2021,44.297000885009766,44.86000061035156,6522800,45.23500061035156,44.790000915527344,44.37679672241211
06-05-2021,44.150001525878906,45.040000915527344,6489300,45.30699920654297,44.900001525878906,44.48577880859375
07-05-2021,44.08000183105469,44.459999084472656,5551400,45.97999954223633,45.900001525878906,45.47655487060547
10-05-2021,45.97999954223633,46.54999923706055,7222000,47.21500015258789,46.02000045776367,45.5954475402832
11-05-2021,44.459999084472656,45.20000076293945,5771200,45.790000915527344,45.209999084472656,44.79291534423828
12-05-2021,43.91999816894531,45.400001525878906,6093400,45.720001220703125,44.130001068115234,43.72288131713867
13-05-2021,44.040000915527344,44.130001068115234,5845600,45.584999084472656,45.27000045776367,44.85236740112305
14-05-2021,45.540000915527344,45.689998626708984,4700800,46.97600173950195,46.79999923706055,46.36825180053711
17-05-2021,46.3650016784668,46.5099983215332,4448500,47.15999984741211,46.90999984741211,46.47723388671875
18-05-2021,45.84000015258789,46.650001525878906,5048300,47.13600158691406,45.849998474121094,45.42701721191406
19-05-2021,44.540000915527344,45.04999923706055,4616700,45.900001525878906,45.869998931884766,45.44683074951172
20-05-2021,45.36000061035156,46.06999969482422,4675800,46.22999954223633,45.7599983215332,45.33784484863281
21-05-2021,45.959999084472656,46.09000015258789,4640100,46.867000579833984,46.220001220703125,45.793601989746094
24-05-2021,46.029998779296875,46.47999954223633,3493500,46.66999816894531,46.400001525878906,45.97194290161133
25-05-2021,46.125,46.790000915527344,5430600,47.67499923706055,46.2599983215332,45.833229064941406
26-05-2021,46.310001373291016,46.41999816894531,4337600,46.91999816894531,46.75,46.31871032714844
27-05-2021,47.13999938964844,47.459999084472656,9257600,48.16999816894531,47.70000076293945,47.259952545166016
28-05-2021,46.875,47.630001068115234,3977500,47.900001525878906,47.40999984741211,46.972625732421875
01-06-2021,48.064998626708984,48.064998626708984,5985100,48.9900016784668,48.970001220703125,48.51823425292969
02-06-2021,48.81999969482422,49.900001525878906,7479200,50.06999969482422,49.5,49.04334259033203
03-06-2021,49.0099983215332,49.369998931884766,7028300,50.0099983215332,49.849998474121094,49.39011001586914
04-06-2021,49.65999984741211,50.0,5425900,50.2400016784668,49.790000915527344,49.33066940307617
07-06-2021,49.72999954223633,49.72999954223633,4000300,50.470001220703125,50.45000076293945,49.98457717895508
08-06-2021,49.72999954223633,50.209999084472656,5298700,50.959999084472656,50.79999923706055,50.33135223388672
09-06-2021,49.84000015258789,50.86000061035156,3274700,50.86000061035156,50.06999969482422,49.60808563232422
10-06-2021,48.939998626708984,50.779998779296875,4166800,50.849998474121094,48.9900016784668,48.53805160522461
11-06-2021,48.875,49.119998931884766,3816600,49.439998626708984,49.369998931884766,48.9145393371582
14-06-2021,48.310001373291016,49.27000045776367,3238400,49.36000061035156,48.63999938964844,48.19127655029297
15-06-2021,48.45000076293945,48.83000183105469,4763100,50.27000045776367,50.04999923706055,49.5882682800293
16-06-2021,48.97999954223633,49.77000045776367,4723100,50.060001373291016,49.5099983215332,49.05324935913086
17-06-2021,46.9900016784668,49.779998779296875,5801300,49.94499969482422,47.5099983215332,47.07169723510742
18-06-2021,45.57500076293945,46.470001220703125,11434900,46.720001220703125,46.13999938964844,45.71433639526367
21-06-2021,46.54999923706055,46.65999984741211,6317200,48.02000045776367,48.0,47.55717849731445
22-06-2021,47.369998931884766,47.790000915527344,6250400,48.31999969482422,47.900001525878906,47.458106994628906
23-06-2021,47.939998626708984,48.02000045776367,3172800,48.474998474121094,48.31999969482422,47.874229431152344
24-06-2021,48.29999923706055,48.709999084472656,3764500,49.18000030517578,49.0,48.54795455932617
25-06-2021,49.27000045776367,49.5,9361800,50.11000061035156,49.79999923706055,49.340572357177734
28-06-2021,48.380001068115234,49.630001068115234,6401000,49.65999984741211,48.4900016784668,48.04266357421875
29-06-2021,47.689998626708984,49.0,5721700,49.310001373291016,48.0,47.55717849731445
30-06-2021,47.79999923706055,47.86000061035156,3914800,48.65999984741211,48.52000045776367,48.072383880615234
01-07-2021,48.61000061035156,48.72999954223633,5825200,49.38999938964844,48.869998931884766,48.41915512084961
02-07-2021,48.91999816894531,49.08000183105469,3566400,49.45000076293945,49.04999923706055,48.59749221801758
06-07-2021,47.52000045776367,49.0,4557300,49.125,47.869998931884766,47.42837905883789
07-07-2021,47.20000076293945,47.5,4503600,48.35499954223633,47.959999084472656,47.517547607421875
08-07-2021,45.720001220703125,46.61000061035156,6026800,47.56999969482422,46.709999084472656,46.27907943725586
09-07-2021,47.91999816894531,48.029998779296875,4617600,48.86000061035156,48.72999954223633,48.28044509887695
12-07-2021,47.900001525878906,48.25,4425300,49.834999084472656,49.5,49.04334259033203
13-07-2021,48.5099983215332,49.5,6309500,49.8849983215332,48.63999938964844,48.19127655029297
14-07-2021,47.3650016784668,48.970001220703125,6213700,49.65999984741211,47.5,47.06179428100586
15-07-2021,46.70000076293945,46.84000015258789,5036900,47.85499954223633,47.720001220703125,47.27976608276367
16-07-2021,46.560001373291016,48.189998626708984,4957300,48.21500015258789,46.72999954223633,46.29889678955078
19-07-2021,44.349998474121094,45.52000045776367,7430500,45.599998474121094,44.79999923706055,44.38670349121094
20-07-2021,43.08000183105469,43.47999954223633,6370100,46.095001220703125,46.0,45.57563400268555
21-07-2021,46.31999969482422,46.43000030517578,5606300,47.72999954223633,47.13999938964844,46.705116271972656
22-07-2021,45.47999954223633,47.0099983215332,5458200,47.34000015258789,45.90999984741211,45.4864616394043
23-07-2021,46.119998931884766,46.119998931884766,5029900,47.20000076293945,46.5099983215332,46.08092498779297
26-07-2021,46.36000061035156,46.4900016784668,4081800,47.4900016784668,47.13999938964844,46.705116271972656
27-07-2021,46.220001220703125,46.650001525878906,3923400,47.630001068115234,47.22999954223633,46.79428482055664
28-07-2021,46.33000183105469,47.380001068115234,4442800,47.540000915527344,47.209999084472656,46.77446746826172
29-07-2021,47.5,47.959999084472656,4016800,48.38999938964844,48.31999969482422,47.874229431152344
30-07-2021,46.80500030517578,47.79999923706055,9100400,48.78499984741211,47.02000045776367,46.79929733276367
02-08-2021,46.709999084472656,47.45000076293945,4446800,48.529998779296875,46.849998474121094,46.63009262084961
03-08-2021,45.13999938964844,47.04999923706055,5024000,47.209999084472656,47.119998931884766,46.898826599121094
04-08-2021,46.369998931884766,46.619998931884766,3244900,47.821998596191406,47.16999816894531,46.94859313964844
05-08-2021,47.4900016784668,47.4900016784668,4000400,48.39500045776367,48.290000915527344,48.06333541870117
06-08-2021,48.904998779296875,48.9900016784668,4995300,49.89500045776367,49.400001525878906,49.168128967285156
09-08-2021,48.380001068115234,49.08000183105469,4202200,49.39500045776367,48.970001220703125,48.74014663696289
10-08-2021,48.84000015258789,49.0,4313500,50.20000076293945,50.130001068115234,49.89469909667969
11-08-2021,49.63999938964844,50.27000045776367,3477500,51.27000045776367,51.209999084472656,50.969627380371094
12-08-2021,50.7599983215332,51.16999816894531,2837200,51.790000915527344,51.619998931884766,51.37770462036133
13-08-2021,51.459999084472656,51.779998779296875,2542700,51.97999954223633,51.810001373291016,51.56681442260742
16-08-2021,50.72999954223633,51.189998626708984,3663600,51.54999923706055,51.459999084472656,51.21845626831055
17-08-2021,50.02000045776367,50.93000030517578,3838600,51.220001220703125,50.689998626708984,50.45206832885742
18-08-2021,49.90999984741211,50.41999816894531,4637800,51.04999923706055,49.95000076293945,49.715545654296875
19-08-2021,48.380001068115234,49.16999816894531,4825200,49.779998779296875,49.0099983215332,48.77995300292969
20-08-2021,48.58000183105469,49.0099983215332,3765700,49.47999954223633,49.20000076293945,48.96906661987305
23-08-2021,49.52000045776367,49.630001068115234,3486100,50.119998931884766,49.709999084472656,49.47666931152344
24-08-2021,49.900001525878906,49.9900016784668,2758800,50.56999969482422,50.209999084472656,49.97432327270508
25-08-2021,50.2400016784668,50.33000183105469,3533700,51.709999084472656,51.41999816894531,51.17864227294922
26-08-2021,50.630001068115234,51.70000076293945,3235900,51.70000076293945,50.77000045776367,50.53169631958008
27-08-2021,50.81999969482422,50.81999969482422,3356300,52.10499954223633,51.95000076293945,51.70615768432617
30-08-2021,49.34000015258789,52.13999938964844,7194900,52.13999938964844,49.349998474121094,49.11835861206055
31-08-2021,49.0099983215332,49.20000076293945,6789800,50.095001220703125,49.75,49.516483306884766
01-09-2021,48.53099822998047,49.290000915527344,6032900,49.45500183105469,48.59000015258789,48.3619270324707
02-09-2021,48.03499984741211,48.66999816894531,4135000,48.974998474121094,48.310001373291016,48.08324432373047
03-09-2021,47.06999969482422,48.15999984741211,5088300,48.22999954223633,47.380001068115234,47.15760803222656
07-09-2021,46.6349983215332,47.27000045776367,5115100,47.939998626708984,46.68000030517578,46.46089172363281
08-09-2021,45.22999954223633,46.4900016784668,5659800,46.4900016784668,45.68000030517578,45.4655876159668
09-09-2021,45.5099983215332,45.68000030517578,10186500,47.970001220703125,46.58000183105469,46.36136245727539
10-09-2021,46.709999084472656,47.18000030517578,7049300,48.0099983215332,47.31999969482422,47.0978889465332
13-09-2021,47.56999969482422,47.790000915527344,5573800,48.709999084472656,48.689998626708984,48.461456298828125
14-09-2021,47.39500045776367,48.7599983215332,4769100,49.33000183105469,47.68000030517578,47.456199645996094
15-09-2021,47.619998931884766,47.83000183105469,5012200,48.654998779296875,48.2400016784668,48.013572692871094
16-09-2021,48.310001373291016,48.56999969482422,5229600,49.59000015258789,48.689998626708984,48.461456298828125
17-09-2021,48.150001525878906,48.66999816894531,9820500,49.459999084472656,48.439998626708984,48.21263122558594
20-09-2021,46.310001373291016,46.81999969482422,5058700,47.5,47.279998779296875,47.058074951171875
21-09-2021,47.16999816894531,47.70000076293945,4423400,48.0,47.529998779296875,47.30690383911133
22-09-2021,48.1619987487793,48.310001373291016,4153400,48.869998931884766,48.349998474121094,48.12305450439453
23-09-2021,48.900001525878906,49.04999923706055,4130500,50.380001068115234,49.84000015258789,49.60606002807617
24-09-2021,49.529998779296875,49.54999923706055,3901100,50.68000030517578,50.22999954223633,49.99422836303711
27-09-2021,50.58000183105469,50.61000061035156,3896500,51.959999084472656,51.720001220703125,51.477237701416016
28-09-2021,50.54999923706055,51.54999923706055,4357800,52.20000076293945,50.66999816894531,50.43216323852539
29-09-2021,50.31999969482422,51.040000915527344,2499600,51.11000061035156,50.540000915527344,50.30277633666992
30-09-2021,48.779998779296875,50.810001373291016,6099500,50.849998474121094,48.880001068115234,48.65056610107422
01-10-2021,48.72999954223633,49.0,4798600,50.20000076293945,49.90999984741211,49.67573165893555
04-10-2021,49.54499816894531,49.939998626708984,4884400,50.81999969482422,49.619998931884766,49.38709259033203
05-10-2021,49.54999923706055,50.16999816894531,3889300,50.474998474121094,50.15999984741211,49.924556732177734
06-10-2021,48.7400016784668,49.779998779296875,4070700,50.459999084472656,49.849998474121094,49.61601257324219
07-10-2021,49.54999923706055,50.5,5279500,50.77000045776367,49.619998931884766,49.38709259033203
08-10-2021,49.275001525878906,49.720001220703125,3232500,50.45000076293945,49.95000076293945,49.715545654296875
11-10-2021,49.02000045776367,50.13999938964844,3353300,50.779998779296875,49.060001373291016,48.8297233581543
12-10-2021,48.84000015258789,49.029998779296875,3489800,50.03499984741211,49.689998626708984,49.456764221191406
13-10-2021,47.44499969482422,49.43000030517578,4405400,49.70000076293945,48.400001525878906,48.172821044921875
14-10-2021,48.47999954223633,49.279998779296875,3467300,49.61000061035156,49.56999969482422,49.33732604980469
15-10-2021,50.13999938964844,50.29999923706055,4223500,50.814998626708984,50.18000030517578,49.94446563720703
18-10-2021,50.0,50.0,5376900,51.275001525878906,51.0099983215332,50.77056884765625
19-10-2021,51.0099983215332,51.095001220703125,4948500,52.4900016784668,52.36000061035156,52.11423110961914
20-10-2021,50.0,51.31999969482422,4803800,52.099998474121094,51.939998626708984,51.69620132446289
21-10-2021,48.84000015258789,51.880001068115234,8938700,52.06999969482422,49.09000015258789,48.859580993652344
22-10-2021,48.720001220703125,49.27000045776367,9095900,49.904998779296875,49.189998626708984,48.959110260009766
25-10-2021,48.57500076293945,49.45000076293945,7832400,50.165000915527344,48.88999938964844,48.660518646240234
26-10-2021,48.04999923706055,49.310001373291016,5653000,49.36000061035156,48.95000076293945,48.720237731933594
27-10-2021,46.63999938964844,48.61000061035156,8343900,48.810001373291016,46.68000030517578,46.46089172363281
28-10-2021,45.86000061035156,46.869998931884766,5718000,47.16999816894531,46.869998931884766,46.650001525878906
29-10-2021,46.349998474121094,47.40999984741211,4615600,47.66999816894531,46.45000076293945,46.45000076293945
01-11-2021,46.82500076293945,46.83000183105469,4803000,47.45500183105469,47.369998931884766,47.369998931884766
02-11-2021,46.849998474121094,47.5,4723700,47.69499969482422,47.380001068115234,47.380001068115234
03-11-2021,47.099998474121094,47.220001220703125,5354600,48.70500183105469,48.20000076293945,48.20000076293945
04-11-2021,47.595001220703125,48.08000183105469,4622200,48.56999969482422,47.9900016784668,47.9900016784668
05-11-2021,48.439998626708984,48.58000183105469,4948400,49.39500045776367,49.189998626708984,49.189998626708984
08-11-2021,49.18000030517578,49.65999984741211,3811300,50.279998779296875,49.2599983215332,49.2599983215332
09-11-2021,48.5,48.810001373291016,3537500,49.349998474121094,49.310001373291016,49.310001373291016
10-11-2021,49.11000061035156,49.11000061035156,3558200,50.439998626708984,49.4900016784668,49.4900016784668
11-11-2021,49.52000045776367,49.709999084472656,2572100,50.2400016784668,49.709999084472656,49.709999084472656
12-11-2021,49.290000915527344,49.599998474121094,2755300,50.189998626708984,50.18000030517578,50.18000030517578
15-11-2021,50.0,50.33000183105469,3361800,51.084999084472656,50.130001068115234,50.130001068115234
16-11-2021,48.625,50.15999984741211,5033900,50.42499923706055,49.619998931884766,49.619998931884766
17-11-2021,48.54999923706055,49.380001068115234,4075200,49.79999923706055,48.59000015258789,48.59000015258789
18-11-2021,47.79999923706055,48.68000030517578,3826400,48.9900016784668,48.349998474121094,48.349998474121094
19-11-2021,47.505001068115234,47.88999938964844,4632500,48.560001373291016,47.880001068115234,47.880001068115234
22-11-2021,47.7400016784668,48.5,4372500,49.02000045776367,48.349998474121094,48.349998474121094
23-11-2021,48.54999923706055,48.560001373291016,3918300,49.9900016784668,49.709999084472656,49.709999084472656
24-11-2021,49.310001373291016,49.310001373291016,3709500,50.29999923706055,49.77000045776367,49.77000045776367
26-11-2021,46.400001525878906,47.79999923706055,4375300,48.130001068115234,47.68000030517578,47.68000030517578
